2
10
10
11
16
17
28
34
49
49
53
54
55
58
59
65
68
74
75
81
82
85
86
91
95
97
101
103
109
111
111
121
126
132
134
139
140
145
151
155
156
159
162
168
173
182
183
187
196
199
203
205
212
220
224
226
227
232
232
233
235
235
237
239
241
245
265
271
275
283
283
284
285
292
293
298
304
308
310
311
314
322
326
334
343
344
360
360
362
376
384
384
386
387
391
399
400
402
404
405
406
407
411
412
418
418
420
430
432
439
441
443
443
445
452
453
463
464
487
504
509
511
515
516
517
524
527
527
536
536
539
540
540
544
549
555
556
561
561
563
563
568
578
589
592
595
599
600
602
603
605
607
612
618
623
629
632
636
640
641
643
643
644
647
666
681
693
695
702
708
709
711
715
717
719
722
722
726
728
730
735
741
743
745
752
756
758
758
759
760
762
770
783
803
805
813
814
826
827
827
828
829
830
834
838
852
853
854
863
872
877
884
888
896
897
897
922
941
941
945
947
947
956
959
959
960
965
966
968
969
970
976
976
979
980
1004
1011
1017
1022
1029
1029
1032
1036
1050
1056
1056
1061
1064
1067
1077
1077
1079
1080
1084
1084
1088
1090
1092
1095
1097
1097
1108
1109
1112
1114
1117
1122
1123
1135
1141
1142
1142
1145
1146
1153
1162
1163
1164
1164
1166
1173
1181
1187
1190
1194
1195
1198
1205
1207
1212
1214
1219
1219
1224
1228
1236
1240
1246
1247
1252
1255
1255
1256
1257
1258
1258
1259
1261
1263
1265
1277
1286
1295
1297
1301
1305
1320
1320
1324
1324
1332
1332
1333
1335
1339
1344
1348
1351
1353
1353
1355
1361
1367
1373
1376
1376
1378
1382
1391
1407
1408
1409
1420
1423
1424
1430
1438
1440
1452
1460
1467
1470
1473
1474
1474
1474
1480
1490
1500
1504
1512
1516
1518
1520
1520
1521
1521
1522
1530
1533
1538
1541
1555
1557
1565
1565
1566
1569
1569
1575
1575
1576
1577
1577
1583
1586
1588
1589
1592
1594
1595
1596
1597
1603
1607
1620
1622
1627
1639
1642
1648
1651
1654
1656
1659
1660
1660
1661
1662
1662
1662
1665
1667
1671
1673
1674
1687
1712
1719
1721
1722
1728
1731
1755
1756
1765
1766
1772
1779
1786
1795
1798
1799
1802
1803
1806
1809
1811
1813
1818
1819
1819
1822
1827
1828
1839
1841
1841
1842
1846
1846
1847
1854
1861
1863
1864
1865
1866
1866
1874
1879
1881
1891
1895
1905
1909
1911
1913
1925
1926
1931
1935
1940
1947
1949
1950
1950
1961
1964
1965
1977
1980
1983
1984
1985
1998
2000
2005
2006
2008
2008
2009
2019
2028
2033
2039
2048
2049
2052
2061
2063
2066
2070
2070
2077
2081
2084
2084
2085
2088
2090
2094
2097
2097
2099
2099
2103
2108
2117
2121
2126
2130
2132
2132
2135
2141
2146
2151
2153
2163
2165
2165
2171
2171
2176
2180
2185
2188
2204
2226
2231
2242
2245
2246
2260
2260
2269
2276
2278
2283
2285
2296
2302
2303
2310
2313
2313
2319
2319
2322
2329
2332
2335
2337
2342
2343
2350
2365
2365
2369
2378
2385
2387
2390
2394
2397
2397
2407
2413
2419
2422
2432
2432
2435
2436
2444
2445
2446
2449
2454
2459
2460
2464
2466
2469
2473
2493
2498
2500
2510
2512
2517
2519
2522
2526
2532
2534
2537
2550
2551
2553
2554
2554
2555
2560
2566
2572
2572
2575
2577
2580
2585
2594
2595
2610
2631
2631
2639
2639
2642
2652
2652
2654
2659
2659
2666
2673
2675
2682
2683
2685
2686
2693
2696
2696
2700
2703
2705
2710
2711
2712
2713
2713
2713
2720
2721
2725
2731
2735
2735
2738
2741
2741
2746
2747
2748
2749
2749
2751
2753
2760
2767
2785
2785
2787
2787
2790
2798
2799
2803
2810
2817
2817
2818
2823
2823
2825
2827
2833
2836
2846
2853
2854
2860
2874
2881
2881
2886
2891
2903
2907
2909
2913
2921
2927
2928
2930
2942
2946
2959
2963
2964
2964
2965
2970
2994
3000
3010
3013
3023
3037
3061
3070
3075
3081
3083
3084
3087
3092
3094
3095
3098
3100
3106
3109
3119
3121
3123
3123
3140
3163
3166
3170
3200
3213
3226
3229
3231
3233
3234
3240
3242
3244
3254
3256
3256
3257
3261
3264
3269
3270
3272
3281
3283
3291
3293
3304
3305
3305
3309
3316
3329
3329
3347
3349
3374
3374
3376
3379
3391
3392
3406
3411
3427
3437
3442
3443
3445
3447
3451
3452
3453
3482
3491
3492
3495
3503
3508
3510
3512
3518
3522
3526
3529
3530
3534
3535
3542
3542
3551
3558
3563
3565
3566
3581
3582
3582
3595
3597
3597
3606
3614
3619
3623
3631
3647
3649
3658
3665
3667
3671
3673
3677
3684
3686
3693
3702
3706
3721
3721
3726
3729
3733
3736
3748
3755
3758
3759
3763
3764
3764
3765
3769
3773
3784
3785
3789
3796
3804
3804
3804
3807
3810
3818
3822
3829
3830
3830
3832
3834
3835
3836
3849
3868
3874
3875
3875
3880
3889
3902
3904
3908
3920
3925
3927
3928
3936
3941
3948
3977
3980
3983
3985
3986
3993
3996
3997
4001
4013
4016
4016
4022
4033
4038
4039
4052
4055
4060
4070
4072
4081
4094
4094
4096
4098
4106
4107
4107
4107
4117
4122
4129
4133
4137
4141
4143
4145
4155
4156
4158
4162
4165
4167
4167
4170
4171
4177
4186
4200
4203
4205
4215
4221
4222
4240
4244
4251
4251
4262
4295
4300
4306
4307
4308
4333
4336
4342
4344
4344
4349
4351
4354
4357
4361
4364
4365
4373
4374
4377
4381
4382
4385
4386
4388
4398
4400
4403
4407
4411
4416
4437
4446
4454
4463
4467
4467
4467
4471
4475
4481
4492
4500
4510
4510
4518
4519
4531
4533
4544
4551
4559
4562
4572
4579
4589
4592
4596
4602
4613
4626
4638
4638
4641
4652
4655
4660
4662
4664
4670
4671
4674
4675
4679
4679
4680
4683
4683
4698
4698
4702
4705
4705
4708
4713
4739
4744
4758
4765
4784
4787
4799
4801
4802
4804
4804
4815
4817
4837
4841
4845
4851
4854
4859
4865
4866
4870
4876
4881
4887
4891
4909
4910
4912
4917
4922
4924
4928
4932
4933
4934
4940
4946
4949
4963
4985
4986
4988
4995
5005
5017
5017
5019
5022
5031
5031
5031
5032
5037
5039
5042
5043
5044
5052
5057
5068
5071
5076
5078
5083
5084
5086
5095
5107
5111
5121
5139
5140
5140
5141
5144
5145
5153
5155
5158
5158
5159
5159
5164
5165
5172
5174
5174
5191
5192
5194
5204
5220
5222
5228
5231
5237
5240
5261
5265
5276
5281
5293
5296
5302
5307
5307
5322
5324
5334
5338
5340
5340
5356
5356
5364
5368
5376
5380
5381
5384
5388
5388
5401
5402
5404
5412
5418
5420
5423
5426
5427
5440
5442
5453
5460
5460
5461
5461
5468
5476
5476
5484
5486
5490
5492
5495
5496
5515
5515
5517
5519
5520
5526
5530
5530
5537
5542
5560
5563
5567
5567
5572
5572
5573
5574
5578
5605
5611
5611
5616
5616
5626
5628
5628
5629
5630
5643
5647
5659
5700
5711
5711
5712
5716
5717
5718
5720
5720
5740
5749
5752
5771
5777
5794
5795
5796
5799
5807
5810
5812
5814
5817
5827
5833
5844
5854
5856
5857
5862
5869
5870
5878
5878
5884
5886
5887
5889
5893
5898
5907
5907
5915
5921
5939
5954
5955
5958
5959
5960
5960
5961
5967
5969
5974
5975
5975
5976
5979
5984
5989
5993
5993
5994
5999
6004
6015
6028
6032
6035
6038
6038
6045
6050
6054
6070
6088
6092
6094
6100
6105
6114
6132
6135
6137
6137
6138
6138
6149
6150
6158
6159
6160
6162
6165
6170
6173
6177
6216
6223
6224
6225
6230
6239
6241
6245
6247
6267
6268
6275
6279
6290
6294
6296
6303
6305
6309
6309
6315
6317
6322
6337
6340
6342
6358
6361
6369
6372
6373
6373
6380
6387
6392
6434
6441
6442
6442
6447
6456
6459
6461
6471
6482
6488
6492
6498
6519
6520
6529
6530
6533
6554
6556
6560
6565
6570
6574
6581
6593
6609
6610
6611
6618
6623
6633
6650
6650
6665
6666
6668
6669
6684
6690
6692
6693
6700
6709
6734
6742
6743
6747
6749
6755
6758
6764
6765
6769
6773
6774
6775
6784
6792
6796
6799
6803
6804
6805
6806
6816
6825
6825
6827
6828
6830
6833
6835
6836
6837
6840
6840
6857
6869
6873
6875
6885
6886
6887
6892
6899
6903
6905
6909
6918
6919
6920
6933
6935
6942
6944
6949
6952
6954
6958
6958
6965
6966
6974
6976
6985
6993
6995
7003
7009
7012
7014
7024
7026
7029
7043
7045
7046
7047
7055
7060
7062
7063
7064
7065
7070
7075
7080
7086
7091
7101
7103
7107
7108
7110
7114
7115
7118
7122
7126
7146
7152
7154
7157
7171
7173
7175
7175
7177
7193
7196
7198
7200
7200
7206
7207
7210
7217
7217
7218
7220
7224
7229
7234
7240
7241
7242
7242
7245
7246
7247
7249
7253
7253
7260
7262
7262
7273
7276
7279
7285
7286
7293
7295
7300
7301
7302
7302
7307
7311
7312
7315
7320
7323
7324
7328
7334
7335
7336
7345
7354
7355
7359
7359
7362
7364
7367
7367
7392
7395
7408
7412
7414
7424
7426
7428
7439
7440
7441
7441
7443
7446
7447
7456
7464
7469
7470
7473
7474
7477
7482
7489
7490
7495
7505
7508
7518
7519
7522
7523
7526
7528
7530
7533
7538
7539
7548
7549
7558
7558
7567
7570
7570
7575
7594
7599
7605
7608
7611
7617
7622
7623
7623
7642
7645
7647
7653
7664
7666
7678
7684
7690
7691
7700
7701
7704
7711
7720
7722
7738
7746
7754
7761
7772
7772
7785
7809
7814
7818
7845
7847
7850
7856
7865
7865
7885
7895
7896
7916
7916
7919
7929
7931
7938
7948
7952
7955
7974
7976
7987
7989
7991
7997
8000
8004
8012
8018
8020
8020
8023
8023
8038
8039
8047
8051
8053
8053
8058
8063
8078
8079
8081
8081
8088
8109
8112
8115
8116
8125
8126
8138
8140
8145
8161
8163
8164
8167
8174
8179
8183
8184
8194
8199
8209
8214
8215
8227
8228
8230
8236
8243
8248
8257
8258
8259
8271
8276
8279
8282
8291
8305
8318
8319
8338
8343
8345
8352
8363
8369
8382
8387
8397
8399
8401
8413
8426
8463
8465
8473
8480
8487
8493
8505
8518
8520
8530
8538
8538
8538
8548
8549
8555
8558
8567
8579
8584
8588
8589
8595
8598
8599
8600
8604
8606
8613
8629
8636
8637
8641
8644
8645
8663
8668
8680
8681
8689
8693
8700
8700
8705
8706
8706
8712
8714
8733
8734
8734
8737
8739
8739
8745
8747
8748
8752
8755
8756
8769
8769
8776
8780
8784
8784
8793
8794
8794
8794
8800
8805
8815
8821
8826
8833
8838
8848
8848
8857
8857
8860
8864
8864
8865
8877
8877
8897
8903
8909
8909
8917
8926
8936
8942
8945
8961
8975
8987
8990
8990
8996
9005
9023
9026
9027
9029
9033
9037
9038
9039
9046
9046
9050
9059
9063
9066
9073
9073
9074
9078
9079
9087
9090
9090
9108
9114
9115
9125
9132
9133
9137
9137
9139
9149
9165
9173
9179
9185
9208
9210
9212
9215
9224
9227
9231
9237
9244
9255
9257
9258
9265
9266
9266
9266
9267
9276
9277
9277
9282
9288
9289
9292
9297
9297
9297
9299
9302
9308
9314
9317
9320
9322
9326
9330
9332
9333
9337
9347
9348
9349
9370
9371
9371
9371
9379
9383
9387
9388
9396
9399
9406
9414
9431
9433
9433
9441
9441
9450
9462
9466
9468
9468
9468
9469
9469
9471
9475
9478
9479
9482
9488
9492
9518
9519
9526
9529
9530
9532
9541
9564
9564
9568
9569
9571
9578
9578
9580
9587
9593
9603
9617
9621
9623
9628
9628
9630
9631
9633
9640
9643
9645
9649
9651
9673
9675
9688
9704
9707
9716
9719
9722
9729
9743
9747
9747
9752
9757
9763
9765
9766
9770
9782
9784
9790
9790
9792
9797
9798
9823
9824
9826
9828
9831
9831
9841
9849
9852
9859
9863
9864
9867
9868
9890
9891
9892
9896
9898
9906
9906
9907
9910
9918
9931
9944
9946
9957
9964
9965
9965
9966
9973
9979
9988
9994
9996
