7
9
11
17
20
34
34
36
36
36
39
40
51
59
60
71
75
79
84
91
91
102
103
107
115
118
120
120
125
130
133
146
146
148
158
160
161
165
165
173
176
185
190
193
193
196
201
202
205
207
208
208
211
212
213
214
216
218
236
242
245
251
255
257
259
259
259
260
264
266
269
273
274
277
280
281
285
285
292
301
308
319
324
326
329
336
339
340
345
350
357
358
368
392
393
395
398
399
401
405
414
417
418
422
428
436
441
442
443
446
448
454
456
462
463
464
468
473
480
488
492
499
499
510
513
521
524
525
526
530
552
554
554
567
567
567
571
579
580
582
595
596
597
598
599
602
608
617
629
639
656
656
662
662
667
672
673
673
681
684
692
712
718
724
726
728
728
733
733
735
737
737
737
746
758
765
765
766
771
773
776
778
779
788
791
793
797
799
800
801
803
805
806
810
818
818
819
829
836
841
847
851
854
855
858
862
865
870
871
876
881
882
888
891
905
914
919
920
924
924
928
930
934
943
944
955
963
970
973
984
986
995
1000
1002
1006
1025
1026
1026
1028
1033
1044
1046
1048
1054
1061
1070
1070
1070
1078
1085
1087
1094
1096
1101
1107
1109
1111
1111
1121
1122
1130
1132
1133
1143
1148
1155
1160
1161
1177
1182
1196
1203
1209
1218
1219
1222
1222
1228
1228
1229
1230
1233
1243
1246
1267
1268
1278
1279
1279
1284
1286
1287
1289
1294
1297
1301
1308
1309
1323
1331
1332
1333
1334
1339
1348
1348
1370
1383
1398
1401
1416
1417
1419
1428
1428
1445
1447
1453
1457
1459
1463
1467
1469
1473
1473
1477
1477
1482
1488
1489
1490
1493
1494
1497
1501
1514
1522
1525
1525
1529
1531
1531
1532
1537
1538
1543
1545
1548
1548
1550
1559
1559
1564
1566
1567
1568
1570
1574
1574
1579
1581
1581
1583
1583
1587
1589
1590
1591
1595
1599
1600
1601
1602
1606
1610
1610
1617
1621
1625
1626
1630
1630
1633
1645
1648
1649
1653
1654
1675
1675
1677
1677
1680
1684
1686
1695
1697
1703
1703
1706
1716
1717
1718
1720
1722
1729
1730
1750
1751
1759
1763
1767
1773
1777
1778
1781
1785
1785
1787
1798
1806
1807
1810
1814
1816
1822
1824
1825
1833
1838
1842
1843
1844
1844
1845
1845
1847
1849
1854
1860
1866
1870
1871
1871
1872
1874
1874
1881
1884
1888
1889
1905
1908
1908
1908
1915
1919
1920
1929
1931
1939
1941
1942
1943
1949
1952
1954
1959
1961
1964
1966
1971
1974
1975
1977
1978
1983
1986
1989
1990
1999
2002
2003
2004
2010
2012
2013
2016
2016
2020
2025
2025
2026
2027
2038
2039
2039
2045
2047
2050
2053
2056
2056
2059
2064
2067
2070
2072
2074
2077
2080
2084
2087
2087
2091
2107
2109
2110
2116
2117
2118
2134
2145
2146
2150
2151
2153
2157
2163
2163
2164
2174
2177
2179
2181
2185
2188
2189
2192
2202
2203
2219
2220
2220
2224
2229
2229
2238
2243
2244
2248
2253
2254
2258
2259
2259
2260
2263
2266
2270
2270
2290
2300
2303
2304
2306
2314
2316
2316
2325
2326
2327
2332
2333
2334
2338
2338
2349
2349
2352
2356
2359
2364
2371
2373
2376
2381
2384
2389
2397
2397
2400
2412
2414
2414
2419
2421
2425
2430
2433
2439
2447
2468
2472
2472
2475
2486
2490
2490
2493
2496
2505
2510
2520
2520
2528
2533
2548
2551
2553
2561
2565
2568
2570
2580
2592
2595
2596
2611
2614
2621
2621
2621
2623
2625
2625
2629
2631
2633
2642
2643
2651
2653
2658
2659
2663
2664
2665
2665
2668
2675
2681
2685
2689
2691
2693
2694
2695
2696
2708
2711
2717
2717
2719
2730
2749
2752
2762
2763
2765
2780
2787
2788
2789
2794
2797
2799
2800
2819
2823
2825
2827
2836
2839
2840
2851
2873
2886
2897
2899
2899
2901
2901
2902
2903
2907
2915
2917
2933
2934
2939
2939
2941
2941
2950
2953
2956
2959
2965
2966
2968
2969
2972
2980
2987
2994
3005
3017
3027
3028
3029
3030
3034
3035
3041
3042
3046
3054
3069
3070
3070
3074
3086
3087
3099
3104
3114
3115
3116
3124
3127
3144
3145
3150
3160
3178
3180
3180
3189
3209
3211
3211
3213
3215
3215
3231
3238
3241
3242
3261
3264
3274
3277
3284
3287
3291
3298
3301
3314
3315
3327
3348
3352
3363
3429
3435
3436
3444
3451
3452
3452
3456
3460
3465
3470
3483
3486
3498
3501
3510
3512
3513
3516
3538
3538
3542
3548
3557
3558
3561
3571
3576
3606
3614
3616
3621
3627
3628
3630
3631
3631
3634
3634
3641
3657
3665
3673
3678
3681
3684
3691
3693
3696
3697
3699
3709
3710
3721
3728
3730
3739
3755
3762
3765
3766
3768
3768
3773
3778
3779
3779
3781
3790
3792
3795
3797
3805
3815
3834
3844
3856
3862
3868
3870
3870
3879
3885
3887
3898
3903
3907
3916
3919
3927
3927
3938
3945
3951
3956
3965
3967
3972
3976
3986
3991
3993
4005
4007
4008
4019
4028
4032
4035
4041
4054
4069
4070
4072
4077
4079
4082
4082
4097
4111
4111
4119
4121
4129
4129
4138
4143
4146
4152
4154
4161
4163
4165
4165
4170
4173
4178
4181
4201
4203
4204
4207
4210
4221
4242
4249
4249
4254
4261
4261
4263
4266
4267
4282
4286
4288
4296
4325
4329
4336
4337
4342
4342
4356
4357
4358
4360
4361
4368
4371
4378
4378
4386
4389
4392
4399
4405
4409
4412
4412
4420
4422
4439
4440
4447
4454
4458
4461
4464
4464
4465
4467
4473
4475
4476
4488
4499
4503
4505
4505
4508
4511
4524
4539
4540
4549
4550
4559
4587
4600
4601
4602
4602
4603
4604
4606
4610
4630
4638
4647
4652
4656
4656
4662
4667
4681
4691
4694
4694
4697
4697
4700
4701
4708
4716
4727
4735
4737
4738
4744
4752
4765
4768
4771
4776
4780
4781
4789
4792
4803
4810
4832
4832
4836
4842
4842
4854
4856
4857
4858
4865
4866
4879
4886
4900
4911
4914
4915
4918
4922
4923
4931
4931
4934
4935
4943
4945
4956
4961
4973
4975
4988
4994
5014
5015
5017
5018
5020
5025
5026
5031
5034
5035
5048
5056
5067
5072
5072
5087
5117
5121
5122
5131
5132
5137
5144
5146
5146
5154
5165
5172
5181
5186
5187
5202
5205
5207
5211
5217
5221
5234
5254
5256
5256
5260
5260
5266
5273
5275
5280
5280
5285
5287
5294
5296
5296
5303
5309
5312
5314
5316
5319
5322
5327
5328
5334
5335
5339
5346
5353
5354
5361
5366
5373
5383
5383
5387
5395
5395
5398
5403
5407
5410
5415
5417
5418
5421
5433
5443
5444
5450
5454
5482
5490
5493
5502
5512
5514
5515
5524
5526
5532
5540
5543
5555
5556
5565
5575
5584
5587
5597
5600
5600
5613
5616
5631
5639
5649
5659
5665
5670
5673
5682
5686
5687
5694
5701
5704
5723
5735
5738
5744
5745
5749
5751
5755
5759
5784
5790
5801
5806
5817
5822
5826
5830
5831
5841
5842
5847
5852
5853
5857
5867
5877
5892
5897
5900
5910
5919
5921
5925
5928
5930
5951
5957
5957
5957
5961
5968
5988
5996
5997
5997
6004
6016
6020
6027
6027
6029
6032
6043
6052
6056
6058
6065
6067
6071
6071
6093
6095
6095
6098
6106
6107
6109
6115
6139
6139
6144
6148
6149
6152
6168
6172
6172
6178
6182
6183
6191
6193
6194
6198
6199
6199
6201
6204
6210
6218
6222
6227
6233
6236
6241
6243
6263
6264
6274
6284
6287
6291
6294
6301
6311
6315
6317
6327
6328
6341
6345
6361
6364
6368
6375
6377
6381
6385
6393
6398
6399
6416
6418
6430
6431
6431
6433
6433
6433
6436
6445
6469
6475
6485
6497
6501
6501
6504
6504
6514
6525
6527
6536
6550
6551
6552
6553
6554
6557
6559
6575
6576
6601
6601
6608
6609
6609
6610
6621
6624
6637
6640
6641
6650
6654
6656
6656
6671
6671
6675
6691
6701
6706
6713
6720
6720
6724
6728
6742
6768
6784
6798
6799
6802
6807
6813
6814
6814
6817
6818
6826
6833
6844
6852
6859
6862
6863
6864
6864
6864
6872
6879
6887
6892
6892
6893
6897
6898
6906
6906
6908
6910
6912
6915
6917
6918
6920
6922
6942
6946
6953
6954
6968
6968
6969
6971
6975
6977
6980
6989
6994
6995
7002
7002
7005
7023
7025
7034
7035
7037
7040
7040
7042
7050
7052
7068
7068
7077
7079
7110
7117
7119
7121
7147
7163
7170
7171
7174
7181
7183
7184
7188
7189
7194
7199
7213
7215
7219
7239
7251
7256
7262
7266
7272
7273
7275
7278
7281
7283
7286
7291
7300
7306
7309
7326
7331
7334
7334
7337
7340
7340
7343
7346
7360
7368
7376
7377
7380
7387
7391
7396
7397
7398
7400
7403
7408
7410
7414
7415
7421
7425
7429
7430
7436
7436
7446
7448
7451
7461
7463
7464
7464
7471
7482
7484
7502
7519
7519
7526
7533
7540
7556
7572
7573
7576
7578
7582
7590
7601
7603
7614
7617
7618
7620
7626
7633
7636
7645
7649
7654
7656
7670
7673
7682
7684
7720
7721
7727
7731
7731
7734
7737
7748
7763
7765
7767
7767
7768
7781
7790
7814
7831
7832
7838
7843
7848
7850
7857
7858
7860
7863
7865
7867
7870
7878
7891
7895
7897
7906
7912
7913
7918
7921
7924
7947
7951
7962
7963
7968
7971
7980
7991
7992
7993
7993
7998
7999
8005
8007
8009
8011
8011
8014
8017
8020
8023
8048
8051
8057
8065
8088
8094
8097
8097
8102
8106
8107
8109
8112
8113
8123
8128
8133
8156
8168
8176
8186
8193
8201
8204
8204
8214
8214
8217
8238
8249
8265
8266
8268
8270
8272
8273
8279
8289
8294
8297
8305
8310
8319
8326
8328
8342
8346
8349
8350
8352
8362
8364
8368
8381
8390
8391
8400
8402
8403
8414
8414
8422
8424
8430
8431
8474
8487
8488
8492
8494
8497
8502
8505
8511
8512
8520
8522
8525
8528
8533
8548
8551
8551
8554
8557
8563
8567
8568
8569
8573
8578
8582
8583
8586
8589
8590
8590
8592
8597
8607
8620
8624
8632
8641
8644
8647
8655
8661
8663
8663
8665
8667
8672
8673
8682
8684
8690
8693
8701
8701
8713
8716
8729
8734
8744
8744
8749
8751
8756
8760
8763
8780
8783
8816
8817
8818
8827
8837
8840
8847
8852
8859
8861
8863
8868
8874
8879
8879
8883
8885
8887
8903
8904
8906
8909
8913
8926
8927
8941
8946
8946
8951
8955
8968
8969
8971
8981
8987
8998
9006
9015
9015
9023
9024
9030
9033
9037
9037
9042
9045
9045
9047
9049
9050
9054
9054
9056
9062
9071
9072
9076
9080
9088
9092
9105
9106
9119
9126
9126
9144
9148
9150
9159
9160
9171
9177
9183
9196
9198
9221
9225
9230
9233
9237
9239
9239
9244
9248
9254
9258
9259
9262
9266
9267
9270
9273
9275
9283
9293
9293
9301
9312
9319
9340
9352
9359
9370
9374
9386
9386
9389
9392
9396
9396
9398
9403
9404
9404
9409
9410
9411
9425
9432
9433
9440
9442
9443
9448
9462
9469
9474
9482
9483
9502
9503
9505
9505
9513
9516
9521
9527
9527
9536
9538
9542
9545
9545
9550
9554
9555
9557
9558
9560
9562
9572
9574
9574
9578
9581
9590
9596
9597
9597
9597
9606
9606
9607
9610
9612
9613
9614
9615
9620
9628
9642
9645
9646
9650
9663
9664
9679
9682
9685
9689
9700
9711
9713
9717
9719
9721
9724
9727
9733
9736
9748
9751
9754
9759
9765
9766
9767
9771
9772
9777
9780
9781
9782
9784
9801
9802
9804
9807
9818
9825
9830
9836
9839
9841
9850
9856
9858
9860
9862
9869
9884
9885
9886
9888
9892
9892
9910
9915
9917
9920
9925
9932
9939
9941
9949
9960
9967
9976
9979
9985
9985
9987
9989
9990
