5
5
6
10
14
14
14
17
20
21
32
34
37
49
50
51
58
64
69
69
73
78
79
84
84
85
87
95
98
101
106
107
115
116
117
128
130
131
133
143
144
155
159
161
162
173
179
182
187
189
191
191
196
198
210
210
211
213
216
218
219
219
236
238
245
254
256
257
263
265
268
269
273
280
281
283
290
291
300
310
311
317
324
340
341
361
367
370
393
405
411
413
415
417
418
419
421
423
426
427
439
444
445
447
448
449
451
460
462
466
466
466
470
479
483
483
485
488
489
495
496
504
509
513
520
521
525
525
526
531
532
552
557
560
561
563
565
569
577
581
583
583
586
589
592
604
606
611
615
622
625
635
639
641
653
656
662
667
672
674
677
681
687
689
691
692
700
705
708
709
713
722
723
725
728
738
738
743
754
755
755
761
763
769
771
771
779
785
786
788
791
794
798
800
805
805
808
812
814
827
833
835
837
837
841
844
848
848
850
851
864
864
874
891
893
905
908
915
922
926
936
946
946
947
948
952
953
954
956
958
963
964
973
974
974
975
1006
1013
1014
1016
1016
1018
1018
1019
1020
1021
1023
1025
1028
1033
1039
1045
1048
1062
1066
1070
1074
1079
1081
1091
1093
1108
1109
1111
1115
1125
1132
1146
1148
1151
1160
1163
1183
1188
1188
1189
1189
1190
1192
1193
1193
1197
1198
1199
1201
1203
1208
1213
1214
1218
1223
1224
1233
1244
1246
1248
1249
1250
1251
1252
1254
1256
1258
1259
1266
1268
1274
1275
1282
1283
1285
1287
1288
1289
1293
1296
1303
1303
1311
1312
1313
1324
1327
1329
1330
1346
1346
1352
1354
1355
1356
1361
1369
1373
1375
1380
1388
1390
1396
1399
1401
1406
1409
1410
1411
1413
1413
1414
1414
1418
1419
1430
1433
1442
1452
1455
1463
1467
1469
1472
1475
1484
1484
1485
1485
1489
1493
1506
1509
1515
1520
1521
1533
1543
1543
1550
1550
1551
1563
1564
1564
1565
1568
1573
1577
1578
1582
1597
1601
1601
1608
1613
1619
1623
1627
1627
1630
1633
1638
1638
1642
1648
1651
1653
1654
1657
1661
1663
1665
1674
1681
1683
1690
1692
1697
1697
1698
1702
1709
1717
1717
1717
1722
1724
1735
1747
1753
1759
1763
1764
1778
1779
1779
1789
1792
1795
1796
1813
1821
1822
1823
1824
1825
1830
1830
1830
1834
1843
1856
1861
1865
1870
1878
1878
1882
1885
1886
1890
1892
1893
1893
1897
1899
1901
1902
1906
1907
1910
1913
1915
1918
1919
1922
1925
1936
1938
1951
1952
1958
1959
1960
1966
1966
1966
1971
1977
1979
1981
1984
1986
1989
1990
1994
2004
2004
2005
2009
2011
2013
2016
2019
2020
2021
2025
2026
2031
2033
2039
2039
2055
2077
2094
2095
2096
2097
2100
2101
2101
2107
2110
2118
2118
2122
2126
2133
2147
2147
2147
2158
2159
2162
2168
2173
2175
2180
2181
2184
2187
2202
2204
2205
2211
2211
2212
2223
2230
2230
2233
2238
2246
2246
2246
2247
2249
2251
2253
2258
2258
2264
2266
2275
2278
2282
2285
2286
2292
2297
2298
2304
2306
2307
2311
2311
2324
2327
2332
2338
2341
2342
2342
2344
2352
2352
2354
2356
2362
2363
2375
2380
2383
2383
2384
2386
2388
2389
2391
2393
2396
2396
2396
2402
2404
2407
2409
2415
2417
2420
2424
2433
2433
2435
2437
2437
2442
2455
2458
2459
2460
2463
2469
2470
2470
2470
2473
2479
2480
2490
2493
2496
2497
2502
2505
2506
2507
2519
2525
2527
2527
2535
2536
2545
2553
2555
2561
2563
2564
2565
2567
2580
2581
2582
2583
2584
2586
2588
2593
2596
2610
2613
2613
2616
2618
2623
2627
2639
2649
2653
2670
2672
2673
2674
2675
2679
2690
2693
2699
2712
2718
2732
2736
2737
2737
2740
2740
2750
2761
2764
2767
2769
2773
2774
2775
2793
2797
2797
2803
2807
2810
2815
2822
2826
2831
2832
2847
2848
2849
2860
2866
2872
2876
2876
2878
2879
2880
2886
2886
2891
2902
2937
2938
2939
2940
2945
2946
2946
2963
2968
2973
2978
2979
2991
2994
3004
3007
3008
3010
3033
3034
3046
3062
3064
3073
3079
3088
3093
3094
3095
3099
3100
3104
3106
3108
3118
3124
3127
3127
3128
3130
3138
3146
3161
3163
3165
3180
3181
3183
3187
3196
3199
3227
3229
3232
3233
3241
3245
3251
3257
3274
3283
3286
3287
3305
3305
3312
3324
3324
3328
3329
3332
3341
3342
3348
3351
3356
3363
3375
3376
3379
3390
3395
3419
3439
3441
3450
3452
3456
3456
3466
3468
3469
3470
3490
3498
3499
3502
3512
3522
3530
3536
3539
3545
3549
3554
3576
3589
3589
3598
3600
3602
3604
3606
3607
3642
3645
3669
3677
3686
3688
3695
3699
3727
3734
3750
3752
3752
3773
3779
3779
3781
3782
3785
3787
3789
3800
3805
3807
3811
3824
3824
3832
3846
3847
3851
3855
3860
3862
3871
3874
3874
3876
3879
3886
3886
3886
3887
3894
3895
3898
3902
3903
3910
3914
3920
3921
3925
3929
3932
3941
3946
3947
3951
3957
3965
3965
3967
3970
3976
3979
3984
3995
3998
4008
4009
4011
4018
4025
4028
4034
4034
4055
4057
4057
4070
4071
4076
4076
4081
4082
4086
4090
4094
4099
4099
4101
4105
4115
4135
4142
4144
4152
4152
4171
4173
4173
4181
4184
4186
4192
4198
4200
4201
4201
4204
4205
4207
4218
4218
4219
4223
4226
4230
4233
4235
4237
4245
4246
4262
4263
4269
4274
4298
4301
4305
4331
4333
4334
4339
4345
4351
4354
4357
4364
4378
4386
4389
4389
4395
4396
4403
4405
4411
4422
4424
4430
4431
4435
4436
4441
4442
4446
4448
4457
4462
4466
4467
4470
4472
4474
4485
4487
4500
4501
4504
4505
4506
4507
4522
4526
4531
4534
4536
4537
4537
4543
4554
4555
4563
4563
4580
4584
4589
4606
4609
4612
4625
4626
4628
4629
4634
4646
4652
4657
4664
4667
4678
4679
4681
4683
4684
4685
4689
4694
4710
4720
4729
4729
4733
4742
4752
4761
4763
4763
4767
4768
4777
4782
4783
4794
4807
4808
4808
4815
4817
4820
4831
4848
4852
4856
4861
4863
4870
4883
4889
4893
4900
4901
4901
4902
4915
4916
4919
4919
4921
4924
4927
4943
4945
4950
4965
4968
4969
4984
4985
4990
4990
4994
4997
4998
5018
5020
5028
5032
5037
5042
5042
5049
5056
5063
5065
5067
5068
5070
5072
5075
5077
5082
5084
5087
5089
5092
5103
5108
5112
5112
5117
5117
5118
5126
5136
5158
5160
5161
5166
5173
5179
5188
5195
5207
5214
5214
5218
5219
5220
5222
5227
5238
5242
5247
5249
5251
5251
5254
5256
5258
5261
5267
5271
5284
5286
5287
5290
5292
5298
5299
5299
5305
5306
5308
5311
5317
5318
5319
5328
5331
5344
5345
5346
5353
5368
5369
5371
5372
5372
5373
5374
5376
5377
5384
5386
5399
5405
5414
5415
5424
5425
5434
5439
5439
5442
5451
5453
5458
5467
5468
5470
5475
5481
5491
5496
5501
5503
5512
5513
5522
5530
5535
5538
5545
5553
5557
5561
5566
5569
5572
5575
5587
5602
5604
5607
5613
5615
5616
5624
5634
5647
5647
5648
5661
5662
5664
5675
5699
5708
5712
5715
5720
5723
5724
5732
5737
5744
5748
5752
5766
5772
5773
5774
5775
5779
5780
5780
5788
5798
5801
5808
5808
5810
5811
5827
5828
5837
5863
5863
5866
5866
5868
5871
5874
5876
5876
5880
5886
5888
5891
5898
5911
5927
5944
5946
5950
5958
5960
5963
5965
5967
5971
5973
5975
5982
5985
5988
5997
6009
6024
6026
6058
6078
6091
6096
6107
6107
6110
6112
6118
6123
6124
6129
6130
6132
6133
6137
6140
6147
6150
6151
6153
6153
6157
6165
6166
6169
6182
6183
6184
6187
6188
6194
6196
6196
6217
6236
6248
6251
6255
6262
6264
6272
6278
6282
6284
6297
6298
6300
6302
6307
6312
6330
6336
6339
6341
6356
6360
6370
6371
6377
6383
6389
6391
6393
6404
6422
6433
6440
6441
6442
6443
6449
6475
6480
6485
6498
6498
6499
6515
6521
6523
6524
6537
6543
6552
6558
6561
6570
6571
6572
6573
6580
6582
6599
6602
6604
6617
6623
6629
6639
6643
6643
6646
6659
6679
6700
6708
6720
6721
6740
6742
6745
6746
6747
6762
6766
6771
6777
6781
6786
6791
6797
6799
6800
6804
6814
6814
6821
6822
6831
6834
6842
6852
6858
6867
6868
6877
6880
6889
6891
6891
6896
6902
6910
6923
6926
6935
6940
6943
6946
6948
6948
6958
6960
6961
6961
6974
6983
6986
6988
7004
7013
7025
7028
7034
7036
7044
7044
7054
7056
7063
7066
7066
7068
7073
7074
7078
7090
7091
7091
7094
7099
7100
7103
7106
7117
7117
7123
7131
7143
7148
7149
7152
7152
7163
7174
7179
7191
7205
7209
7219
7221
7222
7225
7226
7228
7231
7241
7241
7242
7247
7252
7254
7257
7261
7262
7264
7286
7290
7290
7290
7299
7305
7317
7319
7323
7326
7342
7342
7344
7349
7350
7358
7360
7370
7380
7396
7401
7418
7419
7422
7429
7434
7437
7439
7439
7441
7448
7450
7451
7451
7456
7457
7470
7473
7474
7474
7480
7483
7483
7485
7502
7504
7511
7517
7524
7531
7531
7551
7566
7579
7579
7585
7593
7593
7604
7608
7612
7613
7621
7621
7626
7633
7639
7649
7668
7675
7676
7677
7684
7692
7697
7702
7722
7730
7733
7744
7744
7749
7752
7754
7755
7758
7760
7761
7765
7766
7769
7770
7770
7772
7777
7783
7792
7794
7795
7797
7803
7809
7821
7822
7834
7844
7848
7851
7854
7858
7862
7884
7899
7902
7908
7928
7929
7934
7937
7938
7941
7944
7964
7971
7976
7981
7982
7985
7990
8002
8013
8017
8021
8021
8028
8031
8035
8045
8054
8055
8056
8056
8062
8067
8072
8098
8121
8121
8121
8123
8129
8129
8130
8138
8141
8146
8150
8151
8166
8172
8174
8191
8207
8208
8211
8213
8227
8229
8253
8265
8265
8272
8279
8290
8292
8312
8324
8333
8336
8346
8353
8354
8354
8354
8358
8370
8371
8373
8380
8384
8387
8390
8401
8414
8417
8423
8430
8432
8432
8436
8445
8448
8451
8457
8469
8478
8487
8488
8494
8503
8525
8527
8532
8534
8538
8540
8542
8544
8546
8564
8574
8580
8580
8583
8587
8589
8590
8591
8594
8599
8604
8613
8617
8617
8619
8622
8627
8631
8635
8636
8646
8652
8660
8661
8678
8678
8682
8686
8710
8715
8717
8719
8720
8723
8726
8737
8738
8742
8743
8751
8763
8764
8769
8769
8769
8773
8778
8778
8785
8787
8805
8833
8841
8842
8853
8856
8859
8867
8867
8868
8878
8878
8884
8904
8914
8915
8923
8929
8931
8958
8962
8962
8965
8972
8976
8983
8987
8987
8989
8999
9000
9004
9004
9027
9029
9036
9037
9055
9072
9090
9090
9093
9099
9108
9115
9127
9131
9136
9138
9143
9149
9155
9155
9183
9186
9195
9207
9224
9228
9231
9239
9244
9248
9249
9252
9255
9260
9266
9267
9270
9281
9281
9285
9290
9294
9298
9306
9312
9314
9316
9320
9320
9325
9328
9331
9331
9333
9337
9339
9342
9350
9353
9358
9364
9364
9375
9382
9388
9396
9396
9403
9404
9404
9421
9425
9434
9443
9450
9455
9456
9459
9467
9469
9469
9469
9471
9471
9474
9477
9478
9480
9491
9494
9501
9503
9508
9513
9527
9535
9535
9542
9547
9554
9558
9562
9562
9568
9569
9582
9586
9595
9601
9606
9620
9624
9626
9629
9640
9644
9649
9651
9652
9653
9654
9659
9674
9675
9693
9695
9714
9720
9721
9724
9726
9732
9733
9747
9750
9777
9780
9783
9783
9784
9792
9794
9796
9800
9800
9804
9823
9830
9831
9833
9838
9842
9846
9852
9892
9895
9912
9914
9917
9921
9923
9926
9929
9939
9940
9951
9954
9957
9971
9974
9980
9982
9986
9990
9992
9996
9996
9997
