2
3
4
5
5
5
6
6
7
9
9
10
10
10
11
11
11
14
14
14
14
15
15
16
17
17
17
20
20
21
21
21
27
28
29
29
29
29
30
32
34
34
34
34
36
36
36
37
39
39
40
40
41
45
45
46
49
49
49
50
51
51
53
54
55
57
58
58
59
59
59
60
64
65
65
66
66
68
69
69
71
71
73
73
73
74
75
75
78
79
79
81
81
81
82
84
84
84
85
85
86
87
87
88
89
91
91
91
95
95
95
97
98
101
101
101
102
103
103
106
107
107
109
109
111
111
113
114
115
115
116
117
118
119
120
120
121
125
125
126
128
128
129
130
130
131
132
133
133
133
134
138
139
140
143
143
144
145
145
146
146
148
151
152
155
155
156
158
159
159
159
160
161
161
162
162
164
165
165
165
165
168
168
173
173
173
174
176
176
176
178
179
182
182
183
185
186
187
187
187
189
190
191
191
193
193
196
196
196
198
199
201
201
202
203
203
204
205
205
207
207
208
208
210
210
211
211
212
212
213
213
214
215
216
216
216
218
218
218
219
219
220
224
226
226
227
228
231
232
232
233
234
235
235
235
236
236
237
238
239
241
242
243
245
245
245
251
254
254
255
256
257
257
259
259
259
259
260
261
263
264
265
265
266
266
266
267
268
269
269
271
273
273
274
275
277
280
280
280
281
281
283
283
283
284
284
285
285
285
288
290
291
291
292
292
293
298
300
300
301
301
304
306
307
308
308
308
309
309
310
310
311
311
312
314
315
315
317
319
321
322
324
324
324
325
326
326
329
334
335
336
337
337
339
339
340
340
340
341
342
343
344
345
345
346
346
349
349
350
350
354
355
355
357
358
360
360
361
362
363
364
367
367
368
370
371
375
376
377
384
384
386
387
389
391
392
393
393
393
394
394
394
395
396
398
399
399
400
400
401
402
403
403
404
405
405
405
405
406
406
406
407
408
409
411
411
412
412
413
414
414
415
415
417
417
417
418
418
418
418
419
420
421
422
423
423
423
426
427
428
428
430
430
432
434
436
439
439
440
440
441
441
441
442
443
443
443
443
444
445
445
446
447
447
448
448
449
451
452
453
454
456
457
460
461
462
462
463
463
463
464
464
466
466
466
468
468
470
473
475
476
478
479
480
483
483
484
485
487
488
488
489
492
492
495
496
496
497
499
499
499
500
503
504
504
506
508
508
509
509
510
511
513
513
515
516
517
520
521
521
521
521
523
524
524
524
525
525
525
525
526
526
527
527
530
531
531
532
534
536
536
537
537
539
540
540
541
542
544
549
551
552
552
552
554
554
555
555
556
557
560
561
561
561
562
563
563
563
563
565
565
567
567
567
568
569
571
577
578
579
580
580
581
582
583
583
583
584
586
589
589
590
592
592
593
593
595
595
596
597
598
599
599
599
599
600
602
602
603
604
605
606
607
608
608
608
611
612
614
614
615
617
617
618
622
623
623
625
626
629
629
632
635
636
638
639
639
640
640
641
641
641
643
643
644
647
649
649
651
653
654
656
656
656
657
662
662
662
662
666
667
667
669
670
672
672
673
673
674
676
677
681
681
681
684
685
687
689
689
691
692
692
693
695
700
702
705
708
708
709
709
709
711
712
713
714
715
717
718
719
719
722
722
722
723
724
725
726
726
726
728
728
728
728
730
732
732
733
733
735
735
737
737
737
738
738
738
740
741
742
743
743
745
745
746
750
751
752
754
755
755
755
756
756
758
758
758
759
760
761
762
763
765
765
766
769
770
771
771
771
773
774
776
778
779
779
783
785
786
786
788
788
791
791
793
794
795
797
798
799
800
800
801
803
803
805
805
805
805
806
808
808
810
812
812
813
814
814
818
818
818
819
819
826
827
827
827
828
829
829
830
833
834
835
836
837
837
838
841
841
841
843
844
847
848
848
850
851
851
851
852
853
854
854
854
855
855
855
856
857
857
858
862
863
863
864
864
865
865
867
868
869
870
871
872
874
876
877
877
881
882
882
884
885
886
888
888
889
890
890
891
891
893
894
895
896
897
897
901
905
905
905
906
908
912
912
914
915
919
920
922
922
923
924
924
926
928
930
932
934
936
940
941
941
942
943
944
945
946
946
947
947
947
948
950
952
953
954
955
956
956
957
957
958
959
959
960
960
963
963
964
964
964
965
966
968
969
970
970
971
973
973
974
974
975
976
976
979
980
984
986
986
986
989
990
990
995
995
996
1000
1002
1004
1006
1006
1007
1009
1011
1012
1013
1014
1016
1016
1017
1018
1018
1019
1020
1021
1022
1023
1025
1025
1026
1026
1028
1028
1029
1029
1029
1029
1032
1032
1033
1033
1033
1036
1039
1040
1041
1044
1044
1045
1046
1048
1048
1049
1050
1050
1054
1056
1056
1061
1061
1062
1064
1065
1066
1066
1067
1070
1070
1070
1070
1074
1074
1075
1075
1076
1077
1077
1078
1079
1079
1080
1081
1082
1084
1084
1085
1085
1087
1088
1090
1091
1092
1093
1094
1095
1096
1097
1097
1097
1099
1099
1101
1104
1105
1105
1107
1108
1108
1109
1109
1109
1111
1111
1111
1112
1114
1115
1116
1117
1117
1117
1117
1117
1119
1121
1121
1122
1122
1123
1125
1125
1128
1130
1130
1130
1132
1132
1133
1134
1134
1135
1141
1142
1142
1142
1143
1145
1145
1145
1146
1146
1148
1148
1149
1151
1153
1155
1155
1156
1159
1160
1160
1161
1161
1162
1163
1163
1164
1164
1165
1166
1166
1168
1173
1176
1177
1178
1179
1180
1181
1182
1182
1183
1186
1187
1187
1187
1188
1188
1188
1189
1189
1190
1190
1192
1193
1193
1194
1194
1195
1196
1196
1197
1198
1198
1199
1200
1201
1202
1202
1203
1203
1205
1207
1208
1209
1210
1212
1213
1214
1214
1218
1218
1219
1219
1219
1222
1222
1222
1223
1223
1224
1224
1228
1228
1228
1228
1229
1229
1230
1231
1231
1232
1233
1233
1235
1236
1238
1239
1240
1241
1241
1243
1244
1246
1246
1246
1246
1247
1247
1247
1248
1249
1250
1251
1252
1252
1254
1255
1255
1255
1256
1256
1256
1257
1258
1258
1258
1259
1259
1259
1261
1263
1265
1266
1267
1268
1268
1274
1275
1277
1278
1278
1278
1279
1279
1282
1283
1284
1285
1286
1286
1287
1287
1287
1288
1289
1289
1293
1294
1295
1296
1297
1297
1297
1301
1301
1302
1303
1303
1304
1305
1307
1308
1309
1311
1312
1312
1313
1317
1319
1320
1320
1322
1323
1324
1324
1324
1327
1329
1329
1330
1331
1332
1332
1332
1333
1333
1334
1335
1337
1339
1339
1341
1344
1346
1346
1348
1348
1348
1350
1350
1351
1352
1353
1353
1354
1355
1355
1356
1359
1360
1361
1361
1363
1367
1367
1368
1368
1369
1370
1373
1373
1375
1376
1376
1378
1378
1379
1380
1382
1383
1388
1390
1391
1396
1398
1399
1399
1401
1401
1406
1407
1408
1409
1409
1410
1411
1413
1413
1414
1414
1414
1416
1417
1418
1418
1418
1419
1419
1420
1420
1423
1424
1425
1428
1428
1430
1430
1432
1433
1435
1438
1440
1442
1443
1445
1447
1452
1452
1453
1454
1455
1457
1459
1460
1461
1463
1463
1465
1466
1466
1467
1467
1467
1469
1469
1470
1472
1473
1473
1473
1474
1474
1474
1475
1477
1477
1478
1480
1482
1483
1484
1484
1485
1485
1487
1488
1488
1489
1489
1490
1490
1493
1493
1494
1494
1497
1500
1501
1501
1502
1504
1504
1506
1508
1509
1511
1511
1512
1514
1515
1516
1516
1517
1518
1520
1520
1520
1521
1521
1521
1522
1522
1522
1525
1525
1525
1527
1529
1530
1530
1531
1531
1531
1532
1532
1533
1533
1533
1535
1536
1537
1538
1538
1540
1541
1541
1541
1542
1543
1543
1543
1545
1546
1547
1548
1548
1550
1550
1550
1551
1551
1555
1557
1559
1559
1561
1561
1563
1563
1564
1564
1564
1565
1565
1565
1565
1565
1566
1566
1567
1568
1568
1569
1569
1570
1570
1572
1573
1574
1574
1575
1575
1576
1577
1577
1577
1578
1579
1581
1581
1582
1583
1583
1583
1585
1586
1587
1587
1587
1588
1589
1589
1590
1591
1592
1594
1595
1595
1596
1597
1597
1599
1600
1601
1601
1601
1601
1602
1603
1603
1606
1607
1608
1608
1610
1610
1613
1617
1619
1620
1621
1621
1622
1623
1625
1625
1626
1627
1627
1627
1629
1629
1630
1630
1630
1633
1633
1633
1636
1638
1638
1639
1639
1641
1642
1642
1645
1645
1645
1646
1648
1648
1648
1649
1650
1651
1651
1653
1653
1654
1654
1654
1656
1657
1659
1660
1660
1661
1661
1662
1662
1662
1663
1664
1665
1665
1665
1667
1667
1668
1669
1671
1671
1673
1674
1674
1674
1675
1675
1677
1677
1680
1680
1681
1683
1684
1686
1687
1690
1692
1695
1697
1697
1698
1698
1702
1703
1703
1706
1707
1709
1711
1712
1712
1714
1716
1717
1717
1717
1717
1718
1719
1719
1720
1720
1721
1721
1722
1722
1722
1722
1724
1728
1729
1730
1730
1731
1731
1735
1747
1748
1749
1750
1750
1751
1751
1753
1753
1754
1755
1755
1756
1759
1759
1761
1761
1763
1763
1764
1765
1766
1767
1767
1772
1772
1772
1772
1773
1777
1777
1778
1778
1779
1779
1779
1780
1781
1785
1785
1785
1786
1787
1787
1789
1790
1791
1792
1795
1795
1796
1796
1798
1798
1799
1802
1803
1806
1806
1807
1808
1809
1810
1810
1811
1811
1812
1813
1813
1814
1816
1818
1819
1819
1819
1821
1822
1822
1822
1823
1823
1824
1824
1825
1825
1825
1827
1828
1829
1830
1830
1830
1833
1834
1838
1839
1841
1841
1842
1842
1843
1843
1844
1844
1845
1845
1846
1846
1846
1847
1847
1849
1850
1854
1854
1854
1856
1859
1860
1860
1861
1861
1861
1863
1864
1865
1865
1866
1866
1866
1866
1870
1870
1871
1871
1872
1874
1874
1874
1876
1878
1878
1879
1881
1881
1882
1884
1885
1886
1888
1889
1889
1890
1891
1891
1892
1893
1893
1895
1897
1899
1900
1901
1902
1903
1905
1905
1906
1907
1908
1908
1908
1908
1909
1909
1910
1911
1912
1913
1913
1915
1915
1915
1918
1918
1919
1919
1920
1922
1924
1925
1925
1926
1929
1929
1930
1931
1931
1933
1933
1935
1936
1938
1939
1939
1940
1941
1942
1942
1943
1945
1947
1949
1949
1949
1950
1950
1951
1951
1952
1952
1952
1954
1954
1956
1956
1956
1958
1958
1959
1959
1959
1960
1961
1961
1964
1964
1964
1965
1965
1965
1966
1966
1966
1966
1967
1968
1969
1970
1970
1970
1971
1971
1971
1971
1974
1975
1977
1977
1977
1978
1979
1979
1980
1981
1983
1983
1984
1984
1985
1985
1986
1986
1986
1989
1989
1990
1990
1990
1993
1994
1996
1998
1999
2000
2002
2003
2003
2004
2004
2004
2005
2005
2006
2006
2008
2008
2009
2009
2010
2010
2011
2012
2013
2013
2013
2014
2016
2016
2016
2017
2018
2019
2019
2020
2020
2021
2022
2025
2025
2025
2026
2026
2027
2028
2028
2028
2030
2030
2031
2033
2033
2033
2034
2034
2037
2038
2038
2039
2039
2039
2039
2039
2039
2045
2046
2047
2048
2048
2049
2050
2050
2052
2053
2055
2056
2056
2058
2059
2059
2061
2063
2064
2066
2067
2067
2068
2069
2070
2070
2070
2071
2072
2074
2075
2077
2077
2077
2077
2079
2079
2080
2080
2081
2082
2084
2084
2084
2084
2084
2085
2087
2087
2088
2090
2091
2093
2094
2094
2095
2096
2096
2097
2097
2097
2097
2099
2099
2100
2101
2101
2103
2103
2107
2107
2108
2108
2109
2109
2110
2110
2116
2117
2117
2117
2118
2118
2118
2121
2122
2124
2126
2126
2127
2127
2129
2130
2131
2132
2132
2132
2133
2134
2135
2138
2140
2141
2143
2145
2145
2146
2146
2147
2147
2147
2147
2147
2150
2151
2151
2152
2153
2153
2157
2158
2159
2159
2162
2163
2163
2163
2164
2165
2165
2165
2166
2168
2171
2171
2171
2173
2174
2175
2175
2176
2177
2179
2179
2180
2180
2180
2181
2181
2182
2183
2184
2184
2185
2185
2187
2187
2188
2188
2189
2189
2190
2192
2201
2201
2202
2202
2203
2204
2204
2205
2209
2211
2211
2212
2214
2219
2220
2220
2223
2224
2226
2226
2227
2229
2229
2229
2230
2230
2231
2231
2232
2233
2238
2238
2242
2243
2244
2245
2246
2246
2246
2246
2247
2248
2249
2249
2249
2251
2253
2253
2254
2255
2258
2258
2258
2259
2259
2260
2260
2260
2260
2263
2264
2266
2266
2268
2269
2270
2270
2273
2275
2276
2278
2278
2279
2281
2281
2282
2282
2282
2283
2285
2285
2286
2288
2290
2290
2292
2293
2296
2296
2297
2298
2300
2302
2303
2303
2304
2304
2305
2306
2306
2307
2310
2311
2311
2312
2313
2313
2314
2314
2316
2316
2319
2319
2321
2322
2324
2325
2326
2327
2327
2329
2332
2332
2332
2333
2334
2335
2337
2337
2338
2338
2338
2338
2340
2341
2341
2342
2342
2342
2343
2344
2345
2349
2349
2350
2351
2352
2352
2352
2352
2354
2356
2356
2356
2359
2362
2362
2363
2364
2364
2365
2365
2368
2369
2369
2370
2371
2371
2372
2373
2374
2374
2375
2375
2376
2376
2378
2378
2380
2381
2381
2382
2383
2383
2384
2384
2385
2386
2387
2388
2388
2389
2389
2390
2391
2392
2392
2393
2394
2396
2396
2396
2397
2397
2397
2397
2400
2401
2401
2402
2402
2404
2407
2407
2409
2412
2413
2414
2414
2414
2415
2417
2418
2419
2419
2419
2420
2421
2422
2424
2425
2430
2432
2432
2432
2433
2433
2433
2433
2435
2435
2436
2437
2437
2439
2442
2442
2444
2445
2446
2447
2448
2449
2454
2455
2455
2456
2458
2459
2459
2460
2460
2463
2464
2466
2468
2469
2469
2470
2470
2470
2472
2472
2473
2473
2475
2476
2479
2480
2484
2485
2486
2490
2490
2490
2491
2493
2493
2493
2496
2496
2497
2498
2500
2502
2505
2505
2506
2506
2507
2507
2509
2510
2510
2510
2510
2512
2517
2519
2519
2519
2519
2520
2520
2520
2521
2522
2524
2525
2526
2526
2527
2527
2527
2528
2528
2528
2529
2532
2533
2534
2535
2536
2537
2538
2539
2542
2545
2548
2550
2551
2551
2552
2552
2552
2552
2553
2553
2553
2554
2554
2555
2555
2557
2557
2557
2559
2560
2561
2561
2563
2563
2563
2564
2565
2565
2566
2567
2568
2569
2570
2572
2572
2572
2574
2575
2576
2577
2578
2578
2580
2580
2580
2581
2581
2581
2582
2582
2583
2584
2585
2585
2586
2588
2592
2593
2594
2595
2595
2595
2596
2596
2596
2597
2599
2601
2605
2610
2610
2611
2611
2613
2613
2614
2616
2616
2618
2618
2621
2621
2621
2621
2623
2623
2625
2625
2625
2627
2627
2629
2631
2631
2631
2633
2636
2637
2637
2639
2639
2639
2642
2642
2642
2643
2649
2649
2651
2652
2652
2653
2653
2654
2654
2657
2658
2659
2659
2659
2663
2664
2665
2665
2665
2666
2668
2670
2670
2670
2670
2671
2671
2672
2672
2673
2673
2674
2674
2675
2675
2675
2677
2679
2679
2681
2682
2682
2683
2683
2683
2685
2685
2686
2687
2689
2689
2690
2691
2692
2693
2693
2693
2694
2695
2696
2696
2696
2698
2698
2699
2700
2703
2704
2705
2706
2708
2710
2711
2711
2711
2712
2712
2712
2713
2713
2713
2717
2717
2718
2718
2719
2719
2720
2721
2724
2725
2725
2729
2730
2731
2732
2734
2735
2735
2736
2737
2737
2738
2740
2740
2741
2741
2742
2746
2746
2746
2747
2747
2748
2749
2749
2749
2750
2751
2752
2753
2754
2759
2760
2761
2762
2763
2764
2765
2766
2767
2767
2769
2772
2773
2773
2774
2775
2775
2777
2777
2778
2779
2780
2780
2781
2785
2785
2786
2787
2787
2787
2788
2789
2789
2790
2791
2793
2794
2797
2797
2797
2798
2799
2799
2800
2801
2802
2803
2803
2807
2807
2810
2810
2813
2815
2816
2817
2817
2817
2818
2819
2822
2823
2823
2823
2825
2825
2826
2827
2827
2830
2831
2832
2833
2834
2834
2836
2836
2839
2840
2841
2846
2847
2847
2848
2849
2851
2853
2854
2860
2860
2860
2861
2863
2866
2868
2871
2872
2873
2874
2874
2876
2876
2878
2879
2880
2881
2881
2882
2886
2886
2886
2886
2886
2887
2891
2891
2891
2895
2897
2898
2899
2899
2901
2901
2902
2902
2903
2903
2903
2906
2907
2907
2909
2913
2915
2917
2921
2924
2927
2928
2930
2933
2934
2934
2935
2937
2938
2939
2939
2939
2939
2940
2941
2941
2942
2945
2946
2946
2946
2949
2950
2953
2954
2956
2959
2959
2959
2963
2963
2964
2964
2965
2965
2966
2968
2968
2969
2970
2972
2972
2973
2974
2978
2979
2979
2980
2987
2987
2989
2991
2993
2994
2994
2994
2997
3000
3004
3004
3004
3005
3006
3007
3007
3007
3008
3010
3010
3013
3017
3017
3018
3019
3023
3024
3027
3028
3029
3030
3033
3034
3034
3035
3035
3035
3037
3041
3042
3046
3046
3054
3056
3061
3062
3062
3062
3064
3069
3070
3070
3070
3073
3074
3074
3075
3079
3081
3081
3083
3084
3086
3087
3087
3088
3090
3092
3093
3094
3094
3095
3095
3098
3099
3099
3100
3100
3104
3104
3106
3106
3108
3109
3112
3114
3115
3116
3117
3118
3119
3121
3122
3123
3123
3123
3124
3124
3125
3127
3127
3127
3128
3130
3137
3138
3139
3140
3141
3141
3144
3145
3146
3149
3150
3160
3161
3163
3163
3165
3166
3166
3170
3172
3172
3176
3177
3178
3180
3180
3180
3181
3181
3183
3187
3189
3196
3199
3200
3200
3201
3209
3211
3211
3212
3213
3213
3213
3215
3215
3226
3227
3228
3229
3229
3231
3231
3232
3233
3233
3234
3237
3238
3238
3240
3241
3241
3241
3242
3242
3244
3245
3247
3249
3251
3254
3256
3256
3256
3257
3257
3257
3261
3261
3264
3264
3267
3269
3270
3271
3272
3274
3274
3276
3277
3281
3281
3283
3283
3284
3286
3286
3287
3287
3291
3291
3293
3298
3300
3301
3301
3304
3305
3305
3305
3305
3306
3309
3311
3312
3314
3315
3316
3324
3324
3324
3327
3328
3329
3329
3329
3329
3332
3339
3341
3342
3347
3348
3348
3349
3350
3351
3352
3356
3363
3363
3364
3374
3374
3375
3376
3376
3376
3377
3379
3379
3381
3383
3386
3386
3388
3390
3391
3392
3392
3395
3396
3400
3401
3406
3411
3412
3419
3420
3423
3424
3425
3425
3427
3428
3429
3432
3433
3435
3436
3436
3437
3439
3441
3441
3442
3443
3444
3445
3447
3450
3451
3451
3452
3452
3452
3452
3453
3456
3456
3456
3460
3464
3465
3466
3468
3469
3470
3470
3482
3483
3486
3488
3489
3490
3490
3491
3492
3495
3495
3498
3498
3499
3499
3501
3501
3502
3503
3507
3508
3510
3510
3512
3512
3512
3512
3513
3513
3514
3516
3517
3518
3522
3522
3523
3526
3526
3528
3529
3530
3530
3533
3534
3535
3536
3538
3538
3539
3540
3541
3542
3542
3542
3545
3545
3548
3549
3551
3554
3555
3557
3557
3558
3558
3558
3559
3561
3563
3565
3566
3566
3569
3571
3573
3576
3576
3580
3581
3582
3582
3588
3588
3589
3589
3589
3593
3595
3595
3597
3597
3597
3598
3599
3600
3602
3604
3606
3606
3606
3607
3608
3609
3609
3609
3609
3614
3614
3616
3616
3619
3620
3621
3622
3623
3623
3627
3628
3630
3630
3631
3631
3631
3633
3634
3634
3635
3640
3641
3641
3642
3644
3645
3647
3649
3656
3657
3658
3665
3665
3667
3669
3671
3672
3673
3673
3674
3677
3677
3677
3678
3681
3684
3684
3686
3686
3686
3688
3688
3688
3688
3689
3691
3693
3693
3694
3695
3695
3696
3697
3699
3699
3699
3701
3702
3706
3707
3709
3710
3711
3721
3721
3721
3726
3727
3728
3729
3730
3732
3733
3733
3734
3736
3736
3739
3740
3741
3745
3748
3750
3752
3752
3752
3755
3755
3757
3758
3759
3762
3763
3764
3764
3765
3765
3765
3765
3766
3766
3767
3768
3768
3769
3773
3773
3773
3773
3778
3779
3779
3779
3779
3781
3781
3782
3784
3785
3785
3787
3788
3789
3789
3790
3792
3795
3796
3797
3800
3803
3804
3804
3804
3805
3805
3806
3807
3807
3809
3810
3811
3815
3818
3822
3823
3824
3824
3829
3829
3830
3830
3831
3832
3832
3834
3834
3834
3835
3835
3836
3839
3839
3844
3845
3846
3847
3849
3850
3851
3851
3855
3856
3860
3862
3862
3862
3868
3868
3870
3870
3871
3871
3872
3873
3873
3874
3874
3874
3875
3875
3876
3877
3879
3879
3880
3880
3880
3885
3886
3886
3886
3887
3887
3889
3894
3894
3895
3898
3898
3902
3902
3903
3903
3904
3907
3908
3910
3913
3914
3915
3916
3916
3919
3919
3920
3920
3921
3921
3921
3921
3925
3925
3927
3927
3927
3928
3929
3932
3932
3934
3936
3938
3938
3941
3941
3944
3945
3946
3947
3948
3951
3951
3956
3957
3960
3965
3965
3965
3965
3967
3967
3968
3970
3971
3972
3976
3976
3977
3979
3980
3983
3983
3984
3984
3984
3985
3986
3986
3986
3991
3991
3991
3993
3993
3995
3995
3996
3997
3998
4000
4001
4003
4005
4007
4008
4008
4009
4011
4012
4013
4014
4016
4016
4018
4019
4022
4025
4026
4028
4028
4030
4032
4033
4034
4034
4035
4037
4038
4039
4040
4041
4045
4045
4045
4046
4046
4050
4051
4052
4052
4054
4055
4055
4057
4057
4060
4069
4070
4070
4070
4071
4071
4072
4072
4072
4076
4076
4077
4079
4081
4081
4082
4082
4082
4086
4088
4090
4091
4092
4094
4094
4094
4096
4097
4098
4099
4099
4101
4105
4106
4107
4107
4107
4109
4111
4111
4115
4117
4119
4121
4122
4125
4129
4129
4129
4130
4133
4133
4134
4135
4137
4138
4141
4142
4143
4143
4144
4145
4146
4148
4152
4152
4152
4152
4152
4154
4155
4155
4156
4158
4158
4161
4161
4161
4162
4163
4164
4165
4165
4165
4166
4167
4167
4170
4170
4171
4171
4173
4173
4173
4174
4174
4176
4177
4178
4180
4181
4181
4181
4182
4183
4184
4186
4186
4187
4189
4191
4192
4192
4198
4200
4200
4200
4201
4201
4201
4203
4203
4204
4204
4205
4205
4206
4207
4207
4210
4210
4213
4215
4217
4218
4218
4219
4219
4221
4221
4222
4223
4226
4227
4230
4233
4233
4235
4237
4240
4242
4244
4244
4245
4246
4249
4249
4250
4251
4251
4253
4254
4261
4261
4261
4261
4262
4262
4262
4263
4263
4265
4266
4266
4267
4267
4269
4270
4271
4272
4274
4274
4278
4279
4282
4284
4285
4286
4286
4288
4290
4294
4295
4296
4297
4298
4299
4300
4301
4305
4306
4307
4308
4309
4309
4320
4325
4325
4329
4331
4333
4333
4334
4335
4336
4336
4336
4337
4339
4342
4342
4342
4344
4344
4344
4345
4346
4348
4349
4350
4350
4351
4351
4351
4352
4354
4354
4354
4356
4357
4357
4357
4358
4360
4361
4361
4364
4364
4364
4365
4368
4371
4373
4374
4377
4377
4378
4378
4378
4379
4381
4382
4382
4383
4383
4385
4385
4386
4386
4386
4388
4389
4389
4389
4392
4392
4395
4396
4398
4399
4400
4400
4401
4403
4403
4405
4405
4407
4409
4411
4411
4412
4412
4412
4414
4414
4414
4416
4420
4421
4422
4422
4422
4424
4430
4431
4435
4436
4437
4439
4440
4441
4442
4446
4446
4446
4447
4447
4448
4449
4450
4454
4454
4456
4457
4458
4461
4462
4463
4464
4464
4464
4465
4466
4467
4467
4467
4467
4467
4469
4471
4472
4473
4474
4475
4475
4476
4481
4485
4487
4488
4489
4492
4493
4495
4499
4500
4500
4501
4503
4504
4505
4505
4505
4506
4507
4508
4510
4510
4511
4511
4513
4514
4514
4515
4518
4518
4519
4519
4520
4522
4523
4524
4526
4529
4531
4531
4533
4534
4534
4536
4537
4537
4539
4540
4543
4544
4549
4549
4550
4551
4554
4555
4556
4558
4559
4559
4559
4562
4563
4563
4565
4572
4577
4579
4580
4584
4584
4584
4587
4587
4589
4589
4592
4596
4599
4600
4601
4601
4602
4602
4602
4602
4603
4604
4606
4606
4609
4609
4610
4610
4612
4613
4613
4618
4625
4626
4626
4628
4629
4630
4631
4632
4634
4634
4636
4638
4638
4638
4638
4641
4644
4646
4647
4647
4647
4652
4652
4652
4655
4655
4656
4656
4657
4659
4660
4660
4662
4662
4662
4664
4664
4667
4667
4668
4670
4671
4671
4673
4674
4675
4678
4678
4678
4679
4679
4679
4680
4681
4681
4683
4683
4683
4684
4685
4689
4689
4691
4694
4694
4694
4697
4697
4698
4698
4698
4700
4701
4702
4705
4705
4706
4708
4708
4710
4713
4713
4715
4716
4720
4724
4727
4727
4729
4729
4732
4733
4735
4736
4737
4737
4738
4739
4740
4741
4742
4744
4744
4749
4752
4752
4758
4761
4761
4763
4763
4765
4765
4767
4768
4768
4771
4776
4777
4780
4781
4782
4783
4784
4787
4789
4790
4792
4794
4796
4799
4801
4802
4803
4804
4804
4807
4807
4808
4808
4810
4810
4812
4813
4815
4815
4817
4817
4820
4824
4831
4832
4832
4832
4836
4837
4841
4842
4842
4843
4845
4845
4847
4848
4851
4852
4854
4854
4856
4856
4857
4858
4859
4861
4863
4865
4865
4866
4866
4870
4870
4876
4879
4880
4880
4881
4883
4883
4886
4887
4889
4890
4891
4891
4892
4893
4898
4900
4900
4901
4901
4902
4907
4908
4909
4909
4910
4911
4912
4912
4914
4915
4915
4916
4917
4918
4919
4919
4921
4922
4922
4922
4923
4924
4924
4925
4927
4927
4928
4929
4931
4931
4932
4933
4933
4934
4934
4935
4940
4943
4943
4945
4945
4946
4946
4949
4949
4950
4951
4955
4956
4957
4961
4963
4965
4966
4968
4969
4972
4973
4973
4975
4975
4984
4985
4985
4986
4988
4988
4990
4990
4994
4994
4994
4995
4997
4998
4998
4998
5003
5004
5004
5005
5007
5011
5014
5015
5015
5017
5017
5017
5018
5018
5019
5020
5020
5022
5025
5025
5026
5027
5028
5031
5031
5031
5031
5032
5032
5034
5035
5037
5037
5039
5041
5042
5042
5042
5043
5044
5045
5048
5049
5049
5051
5052
5055
5055
5056
5056
5057
5061
5063
5065
5067
5067
5068
5068
5070
5071
5072
5072
5072
5075
5076
5077
5078
5080
5081
5082
5082
5083
5084
5084
5086
5087
5087
5089
5092
5095
5098
5098
5100
5103
5107
5108
5111
5112
5112
5117
5117
5117
5118
5121
5121
5122
5126
5130
5131
5132
5136
5137
5139
5140
5140
5141
5141
5143
5144
5144
5145
5146
5146
5151
5153
5154
5155
5157
5158
5158
5158
5159
5159
5160
5161
5161
5163
5164
5164
5165
5165
5166
5172
5172
5173
5173
5174
5174
5179
5181
5186
5186
5187
5188
5191
5192
5192
5194
5194
5195
5195
5198
5200
5202
5204
5204
5205
5206
5207
5207
5207
5211
5214
5214
5215
5215
5217
5217
5218
5219
5220
5220
5221
5221
5222
5222
5223
5224
5225
5225
5227
5228
5230
5231
5232
5234
5235
5237
5237
5238
5240
5241
5242
5247
5249
5251
5251
5251
5254
5254
5256
5256
5256
5258
5260
5260
5261
5261
5264
5264
5265
5266
5266
5266
5267
5271
5273
5275
5276
5278
5279
5279
5280
5280
5281
5284
5285
5286
5287
5287
5290
5292
5293
5294
5296
5296
5296
5298
5298
5299
5299
5299
5300
5302
5303
5305
5306
5307
5307
5307
5308
5309
5311
5312
5314
5314
5316
5317
5318
5319
5319
5320
5321
5321
5322
5322
5323
5324
5327
5327
5328
5328
5328
5330
5331
5333
5334
5334
5335
5338
5338
5339
5340
5340
5343
5344
5345
5346
5346
5347
5353
5353
5354
5355
5356
5356
5359
5361
5364
5364
5365
5366
5366
5368
5368
5369
5371
5371
5372
5372
5373
5373
5374
5376
5376
5377
5379
5380
5381
5383
5383
5383
5383
5384
5384
5385
5386
5387
5388
5388
5395
5395
5397
5397
5398
5398
5399
5401
5402
5403
5404
5405
5405
5407
5410
5412
5412
5414
5414
5415
5415
5417
5418
5418
5420
5421
5423
5424
5425
5425
5426
5427
5431
5433
5434
5439
5439
5440
5442
5442
5443
5444
5450
5451
5453
5453
5454
5455
5455
5458
5458
5459
5460
5460
5461
5461
5467
5468
5468
5468
5469
5469
5470
5473
5475
5476
5476
5480
5481
5481
5482
5484
5486
5490
5490
5491
5492
5492
5493
5493
5493
5495
5495
5496
5496
5500
5501
5501
5501
5502
5502
5503
5510
5512
5512
5513
5514
5515
5515
5515
5517
5519
5519
5520
5522
5524
5524
5526
5526
5526
5530
5530
5530
5532
5535
5537
5538
5540
5541
5542
5543
5545
5551
5553
5555
5556
5557
5557
5560
5561
5563
5565
5566
5567
5567
5568
5569
5569
5570
5571
5572
5572
5572
5573
5574
5574
5575
5575
5578
5584
5587
5587
5587
5589
5591
5592
5596
5597
5598
5600
5600
5600
5600
5602
5604
5605
5607
5611
5611
5613
5613
5615
5616
5616
5616
5616
5616
5621
5623
5624
5625
5626
5626
5628
5628
5629
5630
5631
5632
5634
5636
5639
5640
5643
5643
5647
5647
5647
5648
5649
5656
5659
5659
5661
5662
5664
5665
5665
5669
5669
5670
5670
5672
5672
5673
5675
5676
5681
5682
5682
5682
5683
5686
5686
5686
5687
5687
5693
5694
5699
5700
5701
5704
5707
5708
5709
5711
5711
5712
5712
5712
5715
5716
5717
5718
5720
5720
5720
5723
5723
5723
5724
5730
5732
5735
5737
5738
5738
5739
5740
5744
5744
5745
5748
5749
5749
5749
5751
5752
5752
5752
5755
5759
5766
5771
5771
5772
5773
5774
5775
5777
5777
5779
5780
5780
5781
5784
5786
5787
5787
5788
5790
5794
5795
5796
5797
5798
5799
5800
5801
5801
5802
5805
5806
5806
5807
5807
5808
5808
5810
5810
5811
5811
5812
5813
5814
5817
5817
5819
5819
5822
5823
5826
5827
5827
5827
5828
5830
5831
5832
5833
5834
5837
5841
5842
5842
5844
5847
5847
5852
5853
5854
5856
5857
5857
5862
5863
5863
5866
5866
5867
5868
5868
5869
5870
5870
5871
5874
5876
5876
5877
5877
5878
5878
5880
5883
5884
5886
5886
5887
5888
5889
5891
5892
5893
5895
5897
5898
5898
5900
5906
5907
5907
5907
5910
5911
5911
5911
5914
5915
5915
5917
5918
5919
5921
5921
5922
5925
5927
5927
5928
5930
5933
5933
5939
5942
5943
5944
5945
5946
5947
5950
5951
5954
5955
5956
5957
5957
5957
5958
5958
5959
5960
5960
5960
5960
5961
5961
5963
5964
5965
5967
5967
5968
5969
5971
5973
5974
5975
5975
5975
5976
5979
5980
5981
5982
5984
5984
5985
5988
5988
5989
5991
5992
5993
5993
5993
5994
5996
5997
5997
5997
5999
6001
6004
6004
6007
6009
6015
6016
6020
6021
6024
6026
6027
6027
6028
6029
6032
6032
6035
6035
6037
6038
6038
6039
6043
6045
6050
6051
6052
6052
6054
6055
6056
6058
6058
6065
6067
6070
6071
6071
6071
6072
6072
6076
6078
6081
6088
6090
6091
6091
6092
6092
6093
6094
6095
6095
6096
6096
6097
6098
6098
6100
6105
6106
6106
6107
6107
6107
6108
6109
6109
6110
6110
6112
6114
6115
6118
6120
6123
6124
6125
6128
6129
6130
6131
6132
6132
6133
6133
6135
6137
6137
6137
6138
6138
6139
6139
6140
6143
6143
6144
6147
6148
6149
6149
6150
6150
6151
6152
6152
6153
6153
6157
6158
6158
6159
6160
6161
6161
6162
6163
6165
6165
6166
6168
6169
6170
6172
6172
6173
6176
6177
6178
6182
6182
6183
6183
6184
6185
6185
6186
6187
6188
6191
6191
6192
6193
6194
6194
6194
6196
6196
6198
6199
6199
6199
6201
6203
6203
6204
6205
6210
6212
6212
6216
6217
6218
6218
6220
6222
6223
6224
6225
6225
6227
6230
6233
6234
6236
6236
6239
6240
6241
6241
6243
6245
6247
6247
6247
6247
6248
6249
6250
6251
6255
6261
6262
6263
6264
6264
6265
6267
6268
6269
6272
6274
6275
6275
6278
6278
6279
6282
6282
6282
6284
6284
6286
6287
6290
6291
6294
6294
6296
6297
6298
6300
6301
6302
6303
6305
6307
6307
6308
6309
6309
6309
6311
6312
6315
6315
6317
6317
6322
6326
6327
6328
6330
6332
6336
6337
6338
6339
6340
6341
6341
6342
6344
6345
6345
6347
6347
6350
6354
6356
6358
6360
6360
6361
6361
6364
6367
6368
6369
6370
6370
6371
6371
6372
6372
6372
6373
6373
6373
6375
6377
6377
6380
6380
6381
6383
6385
6387
6389
6391
6392
6393
6393
6398
6398
6399
6404
6411
6416
6416
6417
6418
6419
6422
6427
6427
6428
6430
6431
6431
6433
6433
6433
6433
6434
6436
6438
6438
6440
6440
6441
6441
6442
6442
6442
6442
6443
6445
6447
6448
6449
6449
6454
6456
6457
6457
6459
6460
6461
6464
6469
6470
6471
6475
6475
6480
6482
6485
6485
6486
6488
6492
6492
6492
6497
6498
6498
6498
6498
6499
6501
6501
6504
6504
6513
6514
6515
6519
6520
6521
6523
6524
6525
6527
6529
6530
6533
6536
6537
6538
6539
6540
6543
6549
6549
6550
6551
6552
6552
6553
6554
6554
6556
6556
6556
6557
6558
6558
6559
6560
6560
6561
6563
6565
6570
6570
6570
6571
6572
6572
6573
6574
6575
6576
6580
6581
6582
6584
6589
6593
6599
6601
6601
6601
6602
6602
6604
6608
6609
6609
6609
6610
6610
6611
6611
6612
6617
6618
6621
6623
6623
6624
6624
6626
6629
6633
6637
6639
6640
6641
6643
6643
6643
6646
6646
6649
6650
6650
6650
6654
6654
6656
6656
6657
6659
6665
6666
6668
6669
6669
6669
6671
6671
6675
6679
6680
6684
6690
6691
6692
6693
6699
6699
6700
6700
6701
6706
6708
6709
6709
6712
6713
6714
6720
6720
6720
6720
6721
6724
6726
6728
6731
6732
6734
6738
6740
6742
6742
6742
6742
6743
6745
6746
6747
6747
6749
6754
6755
6758
6762
6764
6764
6765
6766
6768
6768
6769
6771
6773
6774
6775
6777
6777
6781
6781
6784
6784
6785
6786
6791
6792
6795
6796
6797
6798
6799
6799
6799
6800
6800
6802
6803
6804
6804
6805
6806
6807
6808
6813
6814
6814
6814
6814
6814
6814
6816
6816
6817
6818
6818
6821
6822
6825
6825
6826
6827
6828
6830
6831
6833
6833
6834
6834
6835
6836
6837
6840
6840
6840
6842
6843
6844
6846
6852
6852
6856
6857
6858
6859
6862
6862
6863
6864
6864
6864
6865
6866
6867
6868
6868
6869
6870
6872
6873
6875
6877
6877
6879
6880
6884
6885
6886
6887
6887
6888
6889
6891
6891
6891
6892
6892
6892
6893
6896
6897
6897
6898
6899
6902
6902
6903
6903
6904
6905
6906
6906
6908
6909
6910
6910
6911
6911
6912
6915
6915
6917
6918
6918
6919
6920
6920
6922
6923
6926
6930
6933
6933
6934
6935
6935
6939
6940
6942
6942
6943
6944
6944
6946
6946
6948
6948
6948
6949
6950
6951
6952
6953
6954
6954
6958
6958
6958
6960
6961
6961
6962
6965
6966
6968
6968
6969
6971
6974
6974
6975
6976
6977
6979
6980
6983
6985
6986
6987
6988
6989
6993
6994
6995
6995
7000
7000
7002
7002
7003
7003
7004
7004
7004
7005
7006
7007
7008
7009
7012
7013
7014
7023
7024
7025
7025
7026
7028
7029
7033
7034
7034
7035
7035
7036
7037
7040
7040
7042
7043
7044
7044
7045
7046
7047
7048
7050
7052
7054
7054
7055
7056
7060
7060
7062
7063
7063
7064
7065
7065
7066
7066
7068
7068
7068
7068
7068
7069
7070
7073
7074
7075
7077
7078
7079
7079
7080
7080
7081
7081
7086
7086
7090
7091
7091
7091
7094
7096
7099
7100
7101
7103
7103
7105
7105
7106
7107
7108
7109
7110
7110
7114
7114
7115
7117
7117
7117
7117
7117
7118
7119
7121
7122
7123
7126
7131
7131
7132
7138
7139
7143
7144
7145
7146
7147
7148
7148
7148
7149
7152
7152
7152
7153
7154
7157
7157
7157
7159
7160
7163
7163
7163
7163
7169
7170
7171
7171
7173
7174
7174
7175
7175
7177
7179
7181
7183
7184
7184
7186
7188
7189
7191
7193
7194
7195
7196
7198
7198
7198
7199
7200
7200
7205
7206
7207
7209
7210
7210
7213
7215
7217
7217
7218
7218
7219
7219
7220
7221
7222
7224
7225
7225
7226
7228
7229
7231
7232
7232
7234
7234
7239
7240
7241
7241
7241
7242
7242
7242
7245
7246
7247
7247
7249
7251
7251
7251
7252
7253
7253
7254
7256
7257
7260
7261
7261
7261
7262
7262
7262
7262
7264
7266
7269
7272
7272
7273
7273
7275
7276
7276
7277
7278
7279
7279
7279
7281
7283
7284
7285
7285
7286
7286
7286
7290
7290
7290
7291
7293
7295
7299
7300
7300
7301
7302
7302
7303
7304
7305
7305
7306
7307
7309
7310
7311
7312
7314
7315
7317
7319
7320
7323
7323
7324
7326
7326
7328
7330
7331
7334
7334
7334
7335
7335
7336
7336
7337
7338
7340
7340
7342
7342
7343
7344
7345
7346
7346
7347
7349
7350
7352
7354
7355
7358
7359
7359
7360
7360
7361
7362
7364
7367
7367
7368
7368
7370
7373
7375
7376
7376
7377
7378
7380
7380
7387
7387
7391
7392
7395
7395
7396
7396
7396
7397
7398
7400
7401
7402
7403
7408
7408
7410
7411
7412
7413
7414
7414
7415
7418
7419
7421
7422
7424
7425
7426
7428
7429
7429
7430
7430
7432
7434
7434
7434
7436
7436
7437
7437
7439
7439
7439
7440
7440
7441
7441
7441
7443
7445
7446
7446
7446
7447
7447
7448
7448
7449
7449
7450
7451
7451
7451
7451
7454
7455
7456
7456
7457
7458
7460
7461
7463
7464
7464
7464
7465
7469
7470
7470
7471
7473
7473
7473
7474
7474
7474
7474
7476
7477
7480
7480
7482
7482
7483
7483
7483
7484
7485
7489
7490
7493
7494
7495
7498
7500
7502
7502
7504
7505
7508
7511
7511
7512
7517
7518
7519
7519
7519
7519
7522
7523
7524
7526
7526
7528
7529
7530
7531
7531
7533
7533
7536
7538
7539
7540
7542
7545
7548
7549
7549
7551
7555
7556
7558
7558
7563
7566
7567
7570
7570
7570
7572
7573
7575
7576
7578
7579
7579
7582
7583
7585
7590
7593
7593
7594
7597
7599
7601
7603
7604
7604
7605
7605
7608
7608
7609
7609
7611
7612
7613
7614
7614
7617
7617
7618
7620
7621
7621
7622
7622
7623
7623
7626
7626
7632
7633
7633
7635
7636
7639
7639
7639
7642
7645
7645
7647
7647
7649
7649
7653
7654
7654
7656
7662
7664
7666
7666
7668
7669
7670
7671
7671
7673
7675
7675
7676
7677
7678
7682
7683
7684
7684
7684
7688
7690
7691
7692
7693
7693
7697
7698
7700
7701
7701
7701
7702
7703
7704
7705
7707
7711
7712
7714
7715
7720
7720
7720
7720
7721
7722
7722
7727
7728
7730
7731
7731
7733
7734
7737
7737
7738
7738
7741
7741
7741
7742
7744
7744
7746
7746
7748
7749
7749
7752
7754
7754
7755
7757
7758
7758
7758
7760
7760
7760
7761
7761
7763
7765
7765
7765
7766
7767
7767
7767
7768
7769
7770
7770
7772
7772
7772
7777
7781
7783
7785
7790
7792
7794
7794
7794
7795
7796
7797
7803
7803
7809
7809
7814
7814
7818
7821
7821
7822
7825
7827
7830
7831
7831
7832
7833
7834
7838
7841
7843
7844
7844
7845
7845
7847
7848
7848
7850
7850
7850
7851
7852
7854
7856
7857
7858
7858
7860
7862
7863
7865
7865
7865
7867
7867
7868
7870
7871
7872
7878
7884
7884
7885
7887
7889
7889
7891
7892
7894
7895
7895
7896
7896
7897
7899
7899
7900
7902
7906
7906
7908
7909
7910
7912
7913
7915
7916
7916
7918
7919
7921
7924
7928
7929
7929
7931
7934
7935
7937
7938
7938
7941
7943
7944
7947
7948
7951
7951
7952
7954
7955
7962
7963
7964
7965
7968
7971
7971
7974
7974
7975
7976
7976
7980
7981
7982
7985
7987
7987
7989
7989
7990
7991
7991
7991
7992
7992
7993
7993
7997
7997
7998
7998
7999
8000
8001
8002
8003
8004
8005
8007
8007
8008
8009
8010
8011
8011
8012
8013
8014
8017
8017
8018
8018
8020
8020
8020
8020
8020
8021
8021
8023
8023
8023
8024
8028
8031
8034
8035
8038
8039
8039
8040
8040
8045
8047
8048
8050
8050
8051
8051
8053
8053
8053
8054
8055
8056
8056
8056
8057
8058
8060
8060
8062
8062
8063
8063
8065
8066
8067
8072
8072
8077
8078
8079
8081
8081
8082
8083
8085
8088
8088
8094
8094
8095
8097
8097
8098
8098
8101
8102
8106
8107
8109
8109
8112
8112
8113
8115
8116
8120
8121
8121
8121
8123
8123
8123
8125
8125
8126
8128
8129
8129
8129
8130
8131
8133
8137
8138
8138
8140
8141
8142
8143
8144
8145
8146
8147
8150
8151
8152
8153
8154
8156
8157
8161
8163
8164
8166
8167
8168
8172
8174
8174
8176
8179
8183
8184
8185
8186
8187
8188
8191
8192
8193
8194
8195
8199
8199
8201
8201
8203
8204
8204
8207
8208
8209
8209
8211
8213
8213
8214
8214
8214
8215
8216
8217
8217
8218
8221
8222
8224
8225
8227
8227
8228
8229
8230
8232
8236
8238
8243
8248
8249
8250
8253
8256
8257
8258
8259
8259
8260
8262
8265
8265
8265
8266
8268
8269
8270
8271
8272
8272
8273
8276
8277
8278
8279
8279
8279
8280
8281
8282
8289
8289
8290
8290
8291
8292
8293
8294
8297
8300
8302
8305
8305
8310
8312
8313
8314
8314
8316
8317
8318
8319
8319
8324
8324
8326
8328
8331
8331
8333
8333
8336
8338
8338
8342
8343
8343
8345
8345
8346
8346
8349
8350
8351
8352
8352
8353
8354
8354
8354
8358
8362
8362
8363
8363
8364
8365
8365
8368
8369
8370
8371
8372
8373
8373
8380
8381
8381
8382
8384
8384
8386
8387
8387
8389
8390
8390
8391
8392
8393
8393
8397
8397
8399
8400
8401
8401
8402
8403
8408
8408
8411
8413
8414
8414
8414
8417
8418
8419
8421
8422
8423
8424
8426
8430
8430
8430
8431
8432
8432
8434
8435
8436
8438
8439
8439
8445
8446
8446
8447
8448
8450
8451
8453
8457
8460
8463
8464
8465
8469
8472
8473
8474
8476
8478
8480
8483
8487
8487
8487
8488
8488
8489
8490
8491
8492
8492
8493
8494
8494
8497
8499
8502
8503
8504
8505
8505
8508
8509
8509
8511
8511
8512
8514
8518
8520
8520
8520
8522
8525
8525
8525
8527
8528
8530
8532
8533
8534
8538
8538
8538
8538
8540
8542
8543
8544
8546
8548
8548
8549
8551
8551
8551
8553
8554
8555
8557
8558
8559
8563
8564
8567
8567
8568
8569
8569
8570
8573
8574
8575
8578
8579
8580
8580
8582
8583
8583
8584
8586
8587
8588
8589
8589
8589
8590
8590
8590
8591
8592
8594
8595
8595
8597
8598
8599
8599
8600
8604
8604
8606
8607
8610
8612
8613
8613
8613
8617
8617
8617
8618
8619
8619
8620
8622
8624
8625
8627
8629
8630
8631
8632
8632
8635
8636
8636
8636
8637
8641
8641
8642
8643
8644
8644
8644
8645
8646
8647
8650
8652
8653
8654
8655
8655
8657
8660
8661
8661
8662
8663
8663
8663
8664
8665
8667
8667
8668
8670
8672
8673
8674
8678
8678
8680
8680
8680
8681
8682
8682
8682
8682
8684
8686
8689
8690
8693
8693
8693
8700
8700
8701
8701
8703
8705
8706
8706
8708
8709
8710
8712
8712
8713
8714
8715
8715
8716
8717
8718
8719
8719
8720
8723
8726
8728
8729
8730
8733
8734
8734
8734
8734
8737
8737
8738
8739
8739
8742
8743
8744
8744
8745
8747
8747
8748
8749
8751
8751
8752
8755
8756
8756
8760
8763
8763
8764
8769
8769
8769
8769
8769
8773
8775
8776
8778
8778
8778
8780
8780
8783
8784
8784
8785
8785
8785
8787
8793
8794
8794
8794
8794
8800
8803
8804
8805
8805
8805
8808
8812
8815
8816
8817
8818
8821
8822
8826
8827
8827
8830
8833
8833
8833
8837
8838
8839
8840
8841
8842
8847
8848
8848
8848
8852
8852
8853
8855
8856
8857
8857
8859
8859
8860
8861
8862
8863
8864
8864
8865
8866
8867
8867
8868
8868
8868
8874
8877
8877
8878
8878
8879
8879
8880
8880
8883
8884
8885
8887
8893
8893
8897
8898
8902
8903
8903
8904
8904
8906
8906
8909
8909
8909
8913
8914
8915
8916
8917
8923
8925
8926
8926
8927
8929
8930
8931
8933
8934
8936
8939
8941
8942
8945
8946
8946
8949
8951
8955
8958
8961
8961
8962
8962
8963
8965
8966
8968
8969
8971
8972
8975
8976
8979
8981
8983
8986
8987
8987
8987
8987
8989
8990
8990
8991
8995
8995
8996
8997
8998
8998
8999
9000
9004
9004
9004
9004
9005
9006
9010
9015
9015
9016
9017
9023
9023
9024
9024
9026
9027
9027
9029
9029
9029
9030
9033
9033
9035
9036
9037
9037
9037
9037
9038
9038
9039
9039
9041
9042
9045
9045
9046
9046
9047
9049
9050
9050
9054
9054
9055
9056
9059
9062
9062
9063
9066
9066
9071
9071
9072
9072
9073
9073
9074
9076
9078
9079
9080
9087
9088
9090
9090
9090
9090
9092
9093
9093
9095
9099
9100
9102
9105
9106
9106
9108
9108
9110
9114
9115
9115
9119
9125
9126
9126
9127
9129
9129
9131
9132
9133
9136
9137
9137
9138
9139
9141
9143
9144
9148
9149
9149
9150
9155
9155
9159
9160
9162
9165
9167
9171
9172
9173
9177
9177
9177
9179
9183
9183
9184
9185
9186
9186
9190
9190
9195
9196
9198
9207
9208
9210
9212
9212
9215
9221
9222
9224
9224
9224
9225
9227
9228
9229
9230
9231
9231
9232
9233
9233
9237
9237
9237
9238
9239
9239
9239
9244
9244
9244
9248
9248
9249
9252
9254
9254
9255
9255
9255
9257
9258
9258
9259
9260
9260
9261
9262
9265
9266
9266
9266
9266
9266
9266
9267
9267
9267
9267
9270
9270
9270
9272
9272
9273
9275
9276
9277
9277
9278
9279
9281
9281
9282
9283
9284
9285
9288
9289
9290
9292
9293
9293
9294
9297
9297
9297
9298
9299
9299
9301
9302
9306
9306
9308
9308
9311
9312
9312
9314
9314
9316
9316
9316
9317
9317
9317
9317
9319
9320
9320
9320
9320
9321
9322
9325
9326
9327
9328
9330
9331
9331
9332
9333
9333
9333
9336
9337
9337
9339
9340
9341
9342
9347
9348
9349
9349
9350
9351
9352
9353
9353
9354
9355
9357
9357
9358
9359
9364
9364
9365
9370
9370
9371
9371
9371
9371
9374
9375
9379
9382
9383
9386
9386
9387
9388
9388
9389
9389
9389
9392
9392
9392
9392
9396
9396
9396
9396
9396
9398
9398
9399
9401
9403
9403
9404
9404
9404
9404
9406
9406
9407
9409
9410
9411
9414
9416
9418
9421
9425
9425
9428
9431
9432
9433
9433
9433
9434
9436
9439
9440
9441
9441
9442
9443
9443
9448
9450
9450
9450
9452
9455
9455
9456
9459
9459
9462
9462
9466
9467
9467
9468
9468
9468
9469
9469
9469
9469
9469
9469
9470
9471
9471
9471
9472
9474
9474
9475
9477
9478
9478
9479
9480
9482
9482
9483
9488
9491
9492
9493
9494
9495
9495
9498
9501
9501
9502
9503
9503
9505
9505
9507
9508
9508
9510
9511
9513
9513
9516
9518
9519
9521
9522
9524
9526
9527
9527
9527
9529
9529
9530
9532
9535
9535
9536
9538
9538
9538
9541
9541
9542
9542
9545
9545
9547
9550
9554
9554
9555
9557
9558
9558
9560
9562
9562
9562
9564
9564
9564
9565
9568
9568
9568
9569
9569
9571
9572
9574
9574
9574
9578
9578
9578
9580
9580
9581
9581
9582
9586
9587
9590
9593
9595
9595
9596
9597
9597
9597
9601
9603
9606
9606
9606
9606
9607
9610
9612
9613
9614
9614
9615
9617
9620
9620
9621
9623
9624
9626
9628
9628
9628
9629
9630
9630
9631
9633
9640
9640
9641
9641
9642
9643
9644
9645
9645
9646
9649
9649
9650
9651
9651
9652
9653
9654
9659
9663
9664
9664
9673
9673
9674
9675
9675
9676
9678
9679
9682
9684
9685
9688
9689
9690
9693
9695
9700
9703
9704
9704
9707
9708
9711
9713
9714
9716
9717
9719
9719
9720
9721
9721
9722
9722
9724
9724
9726
9727
9729
9732
9733
9733
9736
9740
9741
9743
9745
9747
9747
9747
9748
9748
9750
9751
9751
9751
9752
9754
9757
9759
9763
9765
9765
9766
9766
9767
9767
9768
9770
9770
9771
9772
9772
9774
9777
9777
9780
9780
9781
9781
9782
9782
9783
9783
9783
9784
9784
9784
9786
9787
9790
9790
9790
9792
9792
9794
9795
9796
9797
9798
9800
9800
9801
9802
9804
9804
9805
9807
9807
9818
9818
9823
9823
9824
9825
9826
9827
9828
9830
9830
9831
9831
9831
9833
9836
9836
9838
9839
9841
9841
9842
9846
9846
9849
9850
9852
9852
9854
9855
9856
9856
9858
9858
9859
9860
9862
9862
9863
9864
9865
9867
9868
9868
9869
9873
9877
9877
9881
9883
9884
9885
9886
9888
9889
9890
9891
9892
9892
9892
9892
9895
9896
9898
9902
9904
9906
9906
9907
9907
9908
9910
9910
9912
9914
9914
9915
9917
9917
9918
9920
9921
9923
9925
9926
9929
9931
9932
9935
9939
9939
9940
9941
9941
9944
9946
9949
9950
9951
9953
9954
9957
9957
9960
9964
9965
9965
9966
9967
9967
9971
9973
9974
9976
9976
9979
9979
9979
9980
9982
9985
9985
9986
9987
9988
9988
9989
9990
9990
9992
9994
9995
9996
9996
9996
9996
9997
9997
