3
14
23
23
25
37
39
44
49
49
50
54
60
72
83
93
98
100
105
113
124
137
147
151
155
156
172
177
178
184
191
195
199
204
205
210
216
225
228
234
238
239
239
239
243
245
245
254
257
258
259
260
262
270
270
276
277
279
286
287
290
292
299
306
308
316
322
322
322
329
331
335
339
339
341
343
361
366
367
369
374
381
383
388
401
401
403
407
410
411
414
414
417
422
425
427
427
427
429
433
438
439
441
448
458
465
468
472
478
486
488
488
496
498
499
499
504
504
507
512
513
514
517
535
543
554
556
557
558
561
568
568
569
571
573
581
581
587
596
603
610
613
614
614
615
615
620
620
623
636
648
648
650
653
664
671
671
673
679
680
682
684
685
687
688
711
714
718
722
723
729
731
735
738
745
750
757
757
760
770
774
783
786
787
792
796
800
801
810
812
821
831
832
839
848
856
869
872
873
875
878
883
899
905
911
916
918
922
939
941
942
943
943
948
948
950
952
953
954
965
974
974
976
979
982
996
1000
1006
1007
1008
1013
1022
1024
1028
1033
1033
1034
1038
1044
1046
1056
1061
1063
1064
1074
1081
1087
1094
1098
1102
1103
1105
1118
1124
1129
1152
1153
1154
1158
1171
1174
1179
1181
1184
1187
1193
1194
1198
1198
1201
1202
1209
1211
1220
1222
1222
1229
1229
1233
1234
1234
1239
1246
1250
1255
1255
1257
1258
1261
1265
1289
1291
1298
1298
1302
1307
1308
1311
1317
1319
1327
1331
1333
1335
1338
1339
1342
1351
1351
1354
1365
1366
1373
1377
1379
1381
1385
1386
1398
1423
1423
1434
1444
1445
1448
1450
1457
1464
1465
1473
1486
1491
1496
1496
1498
1501
1503
1511
1515
1516
1523
1533
1537
1539
1545
1548
1553
1559
1568
1574
1576
1576
1581
1588
1605
1606
1616
1621
1621
1622
1628
1635
1637
1640
1642
1651
1663
1663
1663
1664
1682
1687
1689
1693
1693
1694
1695
1697
1707
1724
1735
1744
1746
1749
1753
1753
1764
1767
1772
1772
1775
1775
1775
1787
1789
1799
1799
1804
1810
1814
1817
1818
1820
1832
1833
1838
1840
1840
1841
1842
1844
1847
1857
1864
1864
1864
1867
1870
1871
1872
1882
1882
1885
1886
1888
1907
1910
1928
1936
1938
1943
1950
1953
1966
1966
1997
1999
2006
2011
2014
2016
2017
2019
2019
2022
2025
2026
2027
2035
2036
2037
2039
2055
2056
2057
2058
2058
2064
2090
2093
2098
2099
2105
2108
2113
2121
2133
2136
2141
2142
2143
2146
2159
2160
2162
2163
2167
2168
2171
2180
2186
2192
2201
2210
2210
2226
2227
2231
2239
2241
2251
2262
2276
2276
2281
2282
2296
2297
2302
2303
2307
2310
2315
2342
2343
2349
2352
2358
2358
2362
2363
2369
2373
2374
2388
2388
2391
2393
2398
2413
2417
2419
2425
2429
2435
2439
2440
2442
2443
2443
2447
2447
2449
2450
2458
2467
2472
2487
2495
2497
2509
2512
2516
2517
2523
2524
2532
2533
2534
2536
2544
2544
2557
2563
2565
2566
2566
2578
2578
2579
2580
2587
2595
2600
2609
2610
2610
2611
2631
2632
2649
2650
2651
2657
2659
2674
2679
2682
2686
2691
2693
2694
2694
2698
2700
2700
2703
2708
2708
2717
2720
2721
2725
2734
2735
2739
2739
2739
2742
2760
2789
2790
2797
2798
2819
2829
2835
2841
2859
2871
2879
2883
2894
2907
2919
2924
2932
2941
2947
2948
2950
2955
2956
2960
2961
2966
2969
2973
2983
2984
2993
2993
2994
3008
3008
3025
3027
3028
3034
3043
3049
3050
3065
3068
3074
3075
3079
3080
3115
3116
3118
3127
3128
3136
3142
3149
3154
3175
3175
3178
3179
3185
3187
3191
3202
3205
3235
3242
3250
3255
3256
3271
3272
3273
3286
3286
3291
3295
3298
3305
3318
3319
3332
3333
3335
3336
3346
3348
3355
3386
3391
3391
3393
3414
3433
3436
3439
3457
3460
3492
3493
3495
3495
3506
3522
3528
3528
3532
3541
3548
3563
3566
3579
3581
3594
3595
3598
3618
3632
3635
3636
3646
3647
3654
3658
3680
3697
3701
3713
3724
3724
3725
3746
3753
3763
3768
3768
3769
3778
3778
3780
3782
3786
3788
3789
3801
3802
3813
3817
3818
3819
3822
3833
3844
3846
3849
3859
3869
3907
3912
3917
3918
3919
3923
3935
3938
3953
3955
3955
3959
3965
3971
3976
3976
3979
3982
3989
3999
4000
4010
4012
4017
4019
4020
4024
4027
4030
4030
4038
4039
4040
4040
4041
4043
4047
4048
4062
4066
4073
4078
4079
4081
4081
4086
4086
4091
4093
4093
4100
4107
4116
4121
4141
4145
4152
4167
4171
4180
4184
4187
4188
4188
4191
4193
4193
4197
4198
4208
4211
4215
4217
4221
4231
4234
4244
4245
4247
4255
4259
4260
4268
4268
4290
4290
4312
4325
4326
4334
4336
4343
4346
4380
4381
4392
4396
4406
4411
4413
4416
4431
4436
4447
4452
4456
4460
4470
4479
4485
4496
4511
4516
4516
4541
4550
4551
4553
4553
4554
4575
4580
4585
4586
4586
4608
4615
4630
4645
4658
4673
4673
4682
4703
4720
4724
4725
4725
4730
4732
4733
4737
4749
4755
4763
4770
4781
4781
4787
4790
4797
4798
4805
4807
4808
4826
4834
4834
4861
4873
4873
4874
4883
4887
4895
4897
4898
4905
4920
4928
4931
4940
4943
4944
4948
4949
4960
4962
4965
4969
4972
4978
4979
5009
5020
5029
5032
5043
5058
5078
5087
5093
5095
5099
5099
5103
5109
5127
5128
5137
5139
5141
5142
5147
5157
5159
5162
5172
5177
5182
5185
5204
5212
5214
5216
5230
5239
5240
5245
5250
5265
5267
5268
5272
5280
5280
5282
5298
5299
5319
5327
5327
5337
5348
5349
5350
5351
5366
5372
5374
5379
5380
5382
5385
5394
5398
5399
5411
5421
5435
5435
5454
5457
5462
5466
5469
5474
5482
5507
5521
5530
5536
5544
5544
5551
5554
5563
5571
5587
5589
5599
5623
5626
5635
5636
5636
5655
5672
5674
5690
5700
5703
5717
5725
5732
5756
5758
5758
5771
5772
5774
5796
5799
5799
5822
5830
5850
5850
5854
5855
5858
5875
5884
5889
5891
5893
5900
5905
5916
5920
5943
5946
5949
5957
5984
5989
6010
6011
6022
6022
6025
6027
6035
6053
6061
6064
6072
6075
6085
6086
6086
6103
6104
6113
6114
6115
6120
6121
6130
6144
6150
6151
6153
6154
6158
6165
6170
6176
6204
6206
6208
6228
6230
6250
6252
6253
6258
6263
6265
6271
6276
6284
6289
6297
6306
6310
6317
6323
6326
6329
6347
6347
6348
6353
6360
6374
6378
6385
6386
6387
6387
6393
6394
6395
6419
6420
6420
6421
6430
6432
6438
6439
6441
6445
6455
6461
6463
6464
6466
6467
6469
6482
6484
6485
6487
6491
6506
6506
6521
6528
6534
6537
6537
6540
6554
6563
6570
6574
6574
6578
6578
6582
6596
6598
6601
6619
6619
6624
6652
6654
6675
6681
6683
6686
6690
6694
6697
6699
6700
6702
6704
6708
6708
6715
6742
6744
6754
6758
6759
6768
6777
6784
6785
6788
6789
6802
6814
6837
6847
6848
6852
6858
6859
6864
6867
6867
6886
6904
6916
6917
6937
6938
6954
6963
6969
6969
6973
6973
6978
6981
6983
6996
7002
7009
7009
7035
7039
7052
7065
7084
7094
7099
7105
7106
7109
7120
7122
7127
7147
7151
7156
7159
7169
7180
7194
7205
7214
7225
7226
7234
7235
7238
7255
7282
7291
7293
7293
7295
7300
7300
7301
7308
7313
7313
7328
7344
7352
7360
7363
7377
7380
7381
7399
7400
7404
7404
7405
7409
7409
7420
7428
7432
7434
7436
7438
7444
7453
7455
7470
7485
7497
7513
7513
7523
7528
7537
7539
7546
7547
7553
7558
7565
7566
7575
7599
7607
7613
7642
7656
7657
7661
7670
7673
7699
7722
7729
7730
7742
7745
7749
7760
7767
7770
7778
7781
7792
7792
7793
7806
7810
7823
7823
7824
7835
7836
7838
7844
7844
7847
7856
7865
7867
7869
7869
7874
7874
7877
7879
7881
7909
7910
7910
7916
7931
7931
7956
7960
7965
7968
7972
7979
7984
7988
7991
8000
8000
8003
8010
8015
8016
8021
8036
8046
8058
8067
8074
8085
8094
8102
8105
8115
8126
8128
8143
8146
8183
8185
8189
8191
8199
8201
8207
8227
8230
8241
8251
8251
8251
8259
8272
8273
8281
8295
8320
8322
8323
8324
8334
8335
8369
8371
8376
8408
8408
8409
8412
8414
8418
8445
8450
8454
8456
8463
8476
8496
8504
8506
8513
8517
8525
8526
8551
8557
8557
8566
8569
8575
8577
8582
8583
8593
8600
8613
8621
8650
8653
8654
8658
8660
8665
8672
8675
8685
8687
8704
8707
8717
8722
8724
8733
8737
8743
8747
8753
8764
8765
8792
8794
8799
8799
8817
8825
8828
8836
8842
8855
8865
8869
8879
8881
8883
8884
8884
8887
8897
8899
8901
8903
8911
8935
8938
8938
8940
8946
8948
8951
8954
8962
8968
8973
8978
8983
8990
8997
9013
9018
9032
9036
9058
9061
9066
9071
9073
9082
9084
9089
9101
9105
9119
9120
9125
9133
9144
9148
9154
9156
9166
9178
9181
9188
9188
9192
9195
9204
9213
9215
9225
9226
9226
9231
9240
9243
9244
9247
9260
9269
9278
9287
9289
9299
9301
9302
9305
9308
9311
9316
9319
9331
9335
9336
9341
9344
9359
9377
9396
9396
9397
9398
9413
9423
9431
9437
9441
9450
9450
9450
9455
9460
9478
9479
9481
9485
9490
9492
9506
9510
9515
9516
9523
9534
9541
9550
9557
9559
9564
9565
9567
9571
9578
9579
9592
9600
9605
9605
9607
9610
9624
9625
9648
9659
9665
9666
9673
9676
9677
9680
9689
9690
9701
9705
9717
9720
9726
9743
9747
9752
9766
9773
9776
9776
9782
9786
9806
9811
9813
9817
9819
9828
9840
9844
9845
9846
9864
9865
9866
9866
9874
9877
9885
9887
9908
9910
9926
9940
9945
9964
9965
9978
9979
9982
9985
9988
9993
9996
