2
3
4
5
6
9
9
10
10
11
11
11
14
15
15
16
17
17
21
27
28
29
29
29
29
30
34
34
36
39
40
40
41
45
45
46
49
49
53
54
55
57
58
59
59
65
65
66
68
71
73
74
75
81
81
82
85
86
88
89
91
91
95
95
97
101
101
102
103
103
107
109
111
111
113
114
115
119
120
121
125
125
126
128
129
130
132
133
134
138
139
140
145
146
146
151
152
155
156
158
159
159
160
161
162
164
168
173
173
174
176
176
176
182
183
185
186
187
187
193
196
196
199
201
201
203
204
205
207
212
212
215
216
216
218
218
220
224
226
226
227
231
232
232
233
234
235
235
235
237
239
241
242
243
245
254
255
259
261
265
266
266
267
269
271
275
280
281
283
283
284
284
285
288
292
292
293
298
300
301
304
306
307
308
308
309
309
310
311
312
314
315
315
321
322
325
326
334
335
337
337
339
340
340
342
343
344
345
345
346
349
350
355
355
360
360
362
363
364
367
371
375
376
377
384
384
386
387
391
394
394
394
396
398
399
400
400
401
402
403
403
404
405
405
405
406
406
406
407
408
409
411
412
412
414
415
417
418
418
420
422
423
428
428
430
432
434
436
439
440
440
441
441
441
442
443
443
443
445
447
448
452
453
456
457
461
462
463
463
464
468
473
475
476
478
480
487
488
492
496
497
499
500
503
504
506
508
508
509
511
515
516
517
521
521
523
524
524
527
527
531
534
536
536
537
539
540
540
541
544
549
551
552
552
555
555
556
561
561
562
563
563
563
565
567
567
568
571
578
579
580
580
582
583
584
589
590
592
593
593
595
599
599
599
600
602
603
605
607
608
608
612
614
614
617
617
618
623
626
629
632
636
638
639
640
640
641
641
643
643
644
647
649
649
651
654
656
657
662
662
666
669
670
676
681
684
685
689
693
695
702
708
709
711
712
714
715
717
718
719
719
722
722
726
726
726
728
728
730
732
732
733
735
737
738
740
741
743
745
745
746
750
751
752
755
756
756
758
758
759
760
762
766
770
774
776
779
783
786
788
791
797
800
803
803
805
808
810
812
813
814
818
818
819
826
827
827
828
829
830
834
836
838
841
843
851
852
853
854
854
855
855
856
862
863
863
865
867
868
869
872
876
877
877
881
882
884
885
886
888
888
889
890
890
894
895
896
897
897
901
905
906
912
912
914
919
920
922
923
928
932
940
941
941
942
943
944
945
947
947
950
955
956
957
957
959
959
960
960
964
964
965
966
968
969
970
971
976
976
979
980
986
989
990
995
996
1004
1007
1009
1011
1012
1017
1022
1025
1029
1029
1029
1032
1032
1033
1036
1040
1041
1044
1049
1050
1056
1056
1061
1061
1064
1065
1066
1067
1070
1070
1074
1075
1075
1076
1077
1077
1079
1080
1082
1084
1084
1085
1085
1088
1090
1092
1095
1096
1097
1097
1097
1099
1099
1101
1105
1105
1108
1109
1112
1114
1117
1117
1117
1117
1117
1119
1121
1121
1122
1122
1123
1125
1128
1130
1132
1133
1134
1134
1135
1141
1142
1142
1142
1145
1145
1145
1146
1149
1153
1155
1156
1159
1162
1163
1164
1164
1165
1166
1166
1168
1173
1176
1178
1179
1180
1181
1182
1186
1187
1187
1187
1188
1190
1194
1194
1195
1196
1198
1200
1202
1203
1205
1207
1210
1212
1214
1219
1219
1222
1223
1224
1228
1228
1229
1230
1231
1232
1235
1236
1238
1239
1240
1241
1241
1246
1246
1247
1252
1255
1255
1255
1256
1256
1257
1258
1258
1259
1259
1261
1263
1265
1268
1277
1278
1278
1279
1286
1286
1287
1295
1297
1297
1297
1301
1301
1302
1304
1305
1307
1309
1312
1317
1319
1320
1320
1322
1324
1324
1329
1331
1332
1332
1332
1333
1333
1334
1335
1337
1339
1339
1344
1348
1350
1350
1351
1353
1353
1355
1359
1360
1361
1363
1367
1367
1368
1373
1376
1376
1378
1378
1379
1382
1383
1391
1398
1399
1401
1407
1408
1409
1414
1416
1418
1420
1423
1424
1425
1428
1430
1432
1435
1438
1440
1443
1452
1454
1460
1461
1466
1466
1467
1470
1473
1474
1474
1474
1477
1477
1478
1480
1483
1487
1488
1490
1493
1494
1500
1501
1502
1504
1504
1508
1511
1512
1516
1516
1517
1518
1520
1520
1521
1521
1522
1522
1525
1527
1530
1530
1531
1531
1532
1533
1533
1536
1538
1540
1541
1541
1541
1542
1546
1547
1555
1557
1559
1561
1563
1564
1565
1565
1565
1565
1566
1568
1569
1569
1570
1574
1575
1575
1576
1577
1577
1583
1583
1585
1586
1587
1587
1587
1588
1589
1589
1591
1592
1594
1595
1596
1597
1599
1600
1601
1601
1603
1603
1607
1608
1610
1620
1621
1622
1625
1627
1629
1630
1633
1639
1641
1642
1645
1645
1646
1648
1648
1650
1651
1654
1654
1656
1659
1660
1660
1661
1662
1662
1662
1664
1665
1665
1667
1667
1668
1669
1671
1671
1673
1674
1674
1677
1680
1687
1695
1698
1703
1706
1707
1711
1712
1714
1716
1717
1719
1719
1720
1721
1721
1722
1722
1728
1730
1730
1731
1731
1735
1748
1749
1750
1750
1751
1751
1753
1754
1755
1755
1756
1761
1761
1765
1766
1767
1767
1772
1772
1772
1772
1777
1779
1780
1785
1785
1786
1787
1790
1791
1795
1796
1798
1799
1802
1803
1806
1809
1810
1811
1811
1812
1813
1818
1819
1819
1819
1822
1823
1824
1825
1827
1828
1829
1839
1841
1841
1842
1843
1845
1846
1846
1847
1849
1850
1854
1854
1859
1860
1861
1861
1863
1864
1865
1866
1866
1866
1870
1874
1874
1874
1876
1879
1881
1888
1889
1891
1895
1903
1905
1905
1908
1908
1909
1909
1911
1912
1913
1915
1918
1924
1925
1926
1929
1930
1931
1933
1933
1935
1939
1940
1941
1942
1942
1943
1947
1949
1949
1949
1950
1950
1951
1952
1954
1956
1956
1956
1958
1959
1961
1961
1964
1964
1965
1965
1966
1967
1968
1970
1970
1970
1971
1971
1971
1974
1977
1978
1979
1980
1983
1983
1984
1985
1985
1986
1990
1993
1998
2000
2003
2004
2005
2006
2006
2008
2008
2009
2010
2013
2013
2017
2018
2019
2025
2028
2028
2028
2030
2033
2034
2034
2037
2038
2039
2039
2039
2046
2047
2048
2049
2050
2050
2052
2053
2056
2058
2059
2061
2063
2066
2067
2067
2068
2069
2070
2070
2071
2075
2077
2077
2077
2079
2079
2081
2082
2084
2084
2084
2084
2085
2087
2088
2090
2093
2094
2096
2097
2097
2099
2099
2103
2103
2108
2108
2109
2110
2116
2117
2117
2117
2121
2124
2126
2127
2127
2129
2130
2131
2132
2132
2132
2134
2135
2138
2140
2141
2143
2145
2145
2146
2146
2147
2147
2151
2152
2153
2159
2163
2164
2165
2165
2165
2166
2171
2171
2171
2176
2179
2180
2180
2181
2182
2183
2184
2185
2185
2188
2188
2189
2190
2201
2201
2204
2209
2214
2220
2226
2226
2229
2229
2229
2231
2231
2232
2238
2242
2243
2245
2246
2249
2249
2254
2255
2259
2260
2260
2260
2263
2266
2268
2269
2270
2273
2276
2278
2279
2281
2281
2282
2283
2285
2288
2290
2293
2296
2296
2300
2302
2303
2305
2310
2312
2313
2313
2314
2316
2319
2319
2321
2322
2329
2332
2332
2335
2337
2337
2338
2340
2341
2342
2343
2345
2349
2350
2351
2352
2356
2362
2364
2365
2365
2368
2369
2369
2370
2371
2372
2374
2374
2376
2376
2378
2378
2381
2382
2385
2387
2388
2389
2390
2392
2392
2394
2397
2397
2397
2400
2401
2402
2407
2413
2414
2414
2418
2419
2419
2419
2422
2432
2432
2432
2435
2436
2439
2442
2444
2445
2446
2448
2449
2454
2455
2456
2459
2460
2464
2466
2469
2472
2473
2475
2484
2485
2486
2490
2491
2493
2493
2498
2500
2506
2507
2509
2510
2510
2510
2512
2517
2519
2519
2519
2520
2520
2521
2522
2526
2527
2528
2528
2528
2529
2532
2534
2537
2538
2542
2550
2551
2552
2552
2552
2553
2554
2554
2555
2557
2557
2559
2560
2561
2563
2565
2566
2569
2570
2572
2572
2572
2574
2575
2576
2577
2578
2578
2580
2581
2581
2582
2585
2585
2592
2594
2595
2595
2596
2597
2599
2601
2610
2611
2614
2616
2618
2621
2621
2623
2625
2625
2627
2631
2631
2631
2636
2637
2639
2639
2642
2642
2643
2649
2652
2652
2654
2654
2657
2659
2659
2665
2666
2670
2670
2670
2671
2672
2673
2674
2675
2677
2679
2682
2682
2683
2683
2683
2685
2686
2687
2689
2692
2693
2693
2696
2696
2696
2698
2698
2700
2703
2704
2705
2706
2710
2711
2711
2712
2712
2713
2713
2713
2717
2718
2719
2720
2721
2724
2725
2725
2729
2730
2731
2734
2735
2735
2738
2741
2741
2742
2746
2746
2746
2747
2747
2748
2749
2749
2749
2751
2753
2754
2759
2760
2763
2765
2766
2767
2772
2773
2775
2777
2777
2778
2779
2780
2780
2781
2785
2785
2786
2787
2787
2788
2789
2790
2791
2797
2798
2799
2800
2801
2802
2803
2807
2810
2813
2816
2817
2817
2817
2818
2819
2823
2823
2825
2827
2830
2833
2834
2834
2836
2840
2841
2846
2847
2853
2854
2860
2860
2861
2868
2871
2874
2881
2881
2882
2886
2886
2886
2887
2891
2891
2895
2897
2898
2899
2901
2903
2903
2903
2906
2907
2909
2913
2915
2921
2924
2927
2928
2930
2934
2935
2939
2939
2942
2946
2949
2953
2954
2959
2959
2959
2963
2964
2964
2965
2966
2969
2970
2972
2974
2979
2980
2987
2989
2993
2994
2994
2997
3000
3004
3004
3006
3007
3007
3010
3013
3017
3017
3018
3019
3023
3024
3028
3030
3034
3035
3037
3042
3061
3062
3062
3070
3074
3075
3081
3081
3083
3084
3087
3087
3090
3092
3094
3095
3098
3100
3106
3109
3112
3117
3119
3121
3122
3123
3123
3123
3125
3139
3140
3141
3141
3144
3149
3150
3163
3166
3166
3170
3172
3172
3176
3177
3180
3180
3181
3189
3200
3200
3201
3213
3213
3213
3226
3228
3229
3231
3231
3233
3234
3237
3238
3240
3241
3242
3244
3247
3249
3254
3256
3256
3256
3257
3261
3261
3264
3267
3269
3270
3271
3272
3274
3276
3277
3281
3283
3286
3291
3293
3301
3301
3304
3305
3305
3306
3309
3311
3315
3316
3324
3329
3329
3329
3347
3348
3349
3350
3352
3363
3364
3374
3374
3376
3376
3377
3379
3381
3383
3386
3386
3388
3391
3392
3392
3396
3400
3406
3411
3412
3420
3423
3424
3425
3425
3427
3428
3432
3433
3435
3436
3437
3441
3442
3443
3445
3447
3451
3452
3452
3452
3453
3482
3486
3488
3489
3490
3491
3492
3495
3495
3499
3501
3503
3507
3508
3510
3512
3512
3513
3516
3517
3518
3522
3523
3526
3526
3529
3530
3534
3535
3540
3542
3542
3542
3545
3551
3558
3558
3558
3559
3563
3565
3566
3566
3569
3571
3573
3580
3581
3582
3582
3588
3589
3593
3595
3595
3597
3597
3597
3599
3606
3608
3609
3609
3609
3614
3616
3616
3619
3620
3621
3622
3623
3630
3630
3631
3634
3635
3640
3641
3644
3647
3649
3658
3665
3667
3671
3672
3673
3673
3677
3677
3678
3681
3684
3686
3686
3688
3688
3689
3693
3694
3695
3696
3701
3702
3706
3707
3711
3721
3721
3726
3729
3730
3732
3733
3733
3736
3736
3739
3740
3741
3745
3748
3752
3755
3757
3758
3759
3763
3764
3764
3765
3765
3766
3766
3767
3769
3773
3773
3779
3784
3785
3788
3789
3792
3795
3796
3803
3804
3804
3804
3806
3807
3809
3810
3818
3822
3823
3829
3829
3830
3830
3832
3834
3835
3835
3836
3839
3845
3849
3850
3851
3862
3862
3868
3868
3871
3872
3873
3873
3874
3875
3875
3877
3880
3880
3880
3885
3889
3894
3902
3904
3908
3915
3916
3919
3920
3921
3921
3921
3925
3927
3928
3932
3934
3936
3938
3938
3941
3944
3948
3951
3960
3965
3968
3971
3972
3977
3980
3983
3984
3984
3985
3986
3986
3991
3991
3991
3993
3993
3995
3996
3997
4000
4001
4003
4012
4013
4014
4016
4016
4019
4022
4026
4028
4030
4033
4037
4038
4039
4040
4041
4045
4045
4045
4046
4046
4050
4051
4052
4052
4055
4060
4069
4070
4071
4072
4072
4077
4081
4082
4082
4088
4091
4092
4094
4094
4096
4098
4106
4107
4107
4107
4117
4122
4125
4129
4129
4130
4133
4133
4134
4137
4141
4143
4143
4145
4146
4152
4152
4152
4154
4155
4155
4156
4158
4158
4161
4161
4162
4164
4165
4165
4166
4167
4167
4170
4170
4171
4173
4174
4174
4176
4177
4178
4180
4181
4182
4183
4186
4187
4189
4191
4192
4200
4200
4201
4203
4203
4205
4206
4210
4213
4215
4221
4221
4222
4227
4233
4240
4244
4244
4249
4250
4251
4251
4253
4254
4261
4261
4261
4262
4262
4263
4265
4266
4267
4270
4271
4272
4274
4279
4284
4286
4290
4294
4295
4296
4297
4299
4300
4306
4307
4308
4309
4309
4320
4325
4325
4329
4333
4335
4336
4336
4336
4342
4344
4344
4344
4346
4348
4349
4350
4350
4351
4351
4352
4354
4356
4357
4357
4358
4361
4364
4364
4365
4373
4374
4377
4377
4379
4381
4382
4382
4383
4383
4385
4385
4386
4386
4388
4392
4398
4400
4400
4401
4403
4405
4407
4409
4411
4412
4414
4414
4414
4416
4421
4422
4422
4437
4440
4446
4446
4447
4449
4454
4456
4461
4463
4464
4464
4467
4467
4467
4467
4469
4471
4475
4481
4488
4489
4492
4493
4495
4500
4503
4505
4505
4510
4510
4513
4514
4515
4518
4518
4519
4519
4520
4523
4524
4529
4531
4533
4534
4544
4549
4549
4550
4551
4556
4558
4559
4559
4562
4565
4572
4577
4579
4584
4584
4587
4587
4589
4592
4596
4599
4601
4601
4602
4602
4609
4613
4613
4618
4626
4632
4634
4636
4638
4638
4638
4638
4641
4644
4647
4652
4655
4655
4659
4660
4660
4662
4662
4664
4668
4670
4671
4671
4673
4674
4675
4678
4678
4679
4679
4680
4683
4683
4689
4694
4697
4697
4698
4698
4698
4701
4702
4705
4705
4706
4708
4713
4713
4715
4724
4727
4727
4732
4736
4737
4739
4740
4744
4749
4758
4761
4765
4768
4784
4787
4792
4796
4799
4801
4802
4803
4804
4804
4807
4810
4812
4813
4815
4817
4824
4832
4837
4841
4842
4843
4845
4845
4847
4851
4854
4854
4857
4859
4865
4866
4870
4876
4880
4880
4881
4883
4887
4890
4891
4891
4892
4898
4900
4907
4908
4909
4909
4910
4912
4912
4917
4918
4922
4922
4923
4924
4925
4927
4928
4929
4931
4932
4933
4933
4934
4934
4940
4943
4946
4949
4949
4955
4956
4957
4963
4966
4972
4973
4973
4975
4975
4985
4986
4988
4988
4994
4995
4998
4998
5003
5004
5004
5005
5007
5015
5017
5017
5019
5022
5025
5025
5026
5027
5031
5031
5031
5032
5034
5035
5037
5039
5041
5042
5043
5044
5045
5049
5051
5052
5055
5055
5057
5061
5067
5068
5071
5076
5078
5080
5081
5082
5083
5084
5086
5087
5095
5098
5100
5107
5111
5117
5121
5122
5130
5132
5139
5140
5140
5141
5141
5143
5144
5144
5145
5151
5153
5155
5157
5158
5158
5159
5159
5161
5163
5164
5164
5165
5172
5172
5173
5174
5174
5186
5187
5191
5192
5192
5194
5194
5195
5198
5200
5202
5204
5206
5207
5215
5217
5220
5221
5222
5223
5224
5225
5225
5228
5231
5232
5235
5237
5240
5241
5251
5254
5260
5261
5264
5264
5265
5266
5266
5273
5276
5278
5279
5279
5280
5281
5285
5293
5296
5298
5299
5300
5302
5303
5307
5307
5307
5314
5316
5319
5321
5321
5322
5322
5323
5324
5327
5328
5330
5333
5334
5338
5338
5340
5340
5343
5347
5353
5355
5356
5356
5361
5364
5364
5365
5366
5368
5371
5376
5379
5380
5381
5383
5383
5384
5385
5387
5388
5388
5397
5398
5398
5401
5402
5403
5404
5405
5412
5414
5415
5417
5418
5418
5420
5423
5425
5426
5427
5431
5440
5442
5450
5453
5455
5455
5458
5459
5460
5460
5461
5461
5468
5468
5469
5469
5473
5476
5476
5480
5481
5484
5486
5490
5492
5492
5493
5493
5495
5495
5496
5500
5501
5501
5510
5515
5515
5517
5519
5519
5520
5524
5526
5526
5530
5530
5537
5541
5542
5543
5551
5555
5557
5560
5563
5567
5567
5568
5569
5570
5572
5572
5573
5574
5574
5575
5578
5587
5589
5591
5596
5598
5600
5600
5605
5611
5611
5613
5616
5616
5616
5621
5623
5626
5626
5628
5628
5629
5630
5632
5636
5639
5640
5643
5643
5647
5656
5659
5665
5665
5669
5669
5670
5672
5676
5681
5682
5682
5682
5683
5686
5686
5687
5687
5693
5694
5700
5704
5707
5709
5711
5711
5712
5712
5716
5717
5718
5720
5720
5723
5723
5730
5735
5738
5739
5740
5744
5745
5749
5752
5752
5755
5771
5771
5777
5777
5781
5784
5786
5787
5794
5795
5796
5797
5799
5800
5802
5805
5806
5806
5807
5807
5810
5811
5812
5813
5814
5817
5819
5819
5822
5823
5827
5827
5830
5832
5833
5834
5842
5842
5844
5847
5847
5854
5856
5857
5862
5868
5869
5870
5870
5878
5878
5883
5884
5886
5887
5889
5892
5893
5895
5898
5900
5906
5907
5907
5907
5911
5911
5915
5917
5918
5919
5921
5925
5927
5928
5933
5933
5939
5942
5943
5945
5954
5955
5956
5958
5959
5960
5960
5960
5961
5967
5969
5974
5975
5975
5976
5979
5980
5984
5984
5989
5991
5992
5993
5993
5993
5994
5997
5999
6001
6004
6004
6015
6021
6027
6028
6032
6035
6035
6037
6038
6038
6043
6045
6050
6051
6052
6054
6055
6056
6070
6071
6072
6076
6081
6088
6090
6092
6092
6094
6095
6096
6097
6100
6105
6106
6108
6109
6110
6114
6120
6125
6128
6131
6132
6133
6135
6137
6137
6138
6138
6139
6143
6144
6149
6150
6152
6158
6158
6159
6160
6161
6161
6162
6163
6165
6170
6172
6173
6176
6177
6178
6183
6185
6185
6186
6191
6192
6193
6194
6194
6198
6199
6201
6203
6205
6212
6212
6216
6218
6218
6220
6222
6223
6224
6225
6225
6230
6233
6234
6236
6239
6240
6241
6243
6245
6247
6247
6247
6247
6249
6250
6261
6263
6264
6265
6267
6268
6269
6275
6275
6278
6279
6282
6282
6286
6290
6291
6294
6296
6303
6305
6307
6308
6309
6309
6309
6315
6315
6317
6322
6326
6332
6337
6338
6340
6342
6344
6345
6347
6358
6360
6361
6364
6367
6369
6370
6371
6372
6372
6372
6373
6373
6373
6377
6380
6380
6381
6387
6392
6398
6398
6411
6417
6419
6427
6427
6428
6430
6433
6434
6436
6438
6440
6441
6442
6442
6442
6447
6448
6449
6454
6456
6457
6457
6459
6460
6461
6464
6470
6471
6482
6486
6488
6492
6492
6492
6498
6514
6519
6520
6529
6530
6533
6539
6540
6549
6549
6551
6554
6554
6556
6558
6560
6560
6563
6565
6570
6570
6572
6574
6575
6576
6581
6584
6589
6593
6601
6602
6609
6609
6610
6611
6611
6612
6618
6621
6623
6624
6624
6626
6633
6643
6646
6649
6650
6650
6650
6654
6656
6657
6665
6666
6668
6669
6669
6669
6680
6684
6690
6692
6693
6699
6700
6709
6709
6712
6713
6714
6720
6720
6726
6731
6732
6734
6738
6742
6742
6743
6747
6749
6754
6755
6758
6764
6764
6765
6768
6768
6769
6773
6774
6775
6781
6784
6785
6792
6796
6799
6800
6803
6804
6805
6806
6808
6814
6814
6814
6816
6816
6818
6825
6825
6827
6828
6830
6833
6834
6835
6836
6837
6840
6840
6840
6843
6844
6846
6852
6856
6857
6862
6862
6863
6864
6865
6866
6868
6869
6870
6873
6875
6884
6885
6886
6887
6887
6888
6891
6892
6897
6897
6898
6899
6902
6903
6903
6904
6905
6906
6909
6911
6911
6915
6917
6918
6919
6920
6920
6922
6930
6933
6933
6934
6935
6939
6942
6942
6944
6944
6948
6949
6950
6951
6952
6953
6954
6954
6958
6958
6962
6965
6966
6974
6976
6979
6980
6985
6987
6989
6993
6995
7000
7000
7003
7003
7004
7005
7006
7007
7008
7009
7012
7014
7024
7026
7029
7033
7034
7035
7040
7040
7042
7043
7045
7046
7047
7048
7050
7052
7054
7055
7060
7060
7062
7063
7064
7065
7065
7068
7068
7068
7069
7070
7075
7079
7079
7080
7081
7081
7086
7086
7091
7096
7101
7103
7105
7105
7107
7108
7109
7110
7114
7114
7115
7117
7117
7118
7122
7126
7132
7138
7139
7145
7146
7147
7148
7148
7152
7153
7154
7157
7157
7157
7159
7160
7163
7169
7170
7171
7173
7175
7175
7177
7181
7184
7186
7189
7193
7195
7196
7198
7198
7198
7200
7200
7206
7207
7210
7210
7217
7217
7218
7218
7220
7224
7229
7232
7232
7234
7234
7239
7240
7241
7242
7242
7245
7246
7247
7249
7251
7253
7253
7256
7260
7261
7261
7262
7262
7262
7269
7272
7273
7273
7275
7276
7276
7277
7279
7279
7281
7284
7285
7285
7286
7286
7293
7295
7300
7301
7302
7302
7304
7305
7307
7310
7311
7312
7314
7315
7320
7323
7324
7328
7330
7331
7334
7334
7335
7335
7336
7336
7337
7343
7345
7346
7352
7354
7355
7359
7359
7361
7362
7364
7367
7367
7375
7376
7376
7377
7378
7387
7392
7395
7395
7402
7408
7411
7412
7414
7415
7421
7424
7425
7426
7428
7430
7430
7432
7434
7437
7439
7440
7440
7441
7441
7443
7445
7446
7446
7447
7447
7448
7449
7449
7451
7454
7455
7456
7460
7464
7464
7465
7469
7470
7471
7473
7474
7474
7477
7480
7482
7483
7489
7490
7493
7494
7495
7498
7500
7505
7508
7512
7518
7519
7519
7522
7523
7526
7528
7529
7530
7533
7538
7539
7540
7542
7545
7548
7549
7549
7555
7556
7558
7558
7567
7570
7570
7570
7575
7576
7582
7583
7590
7594
7597
7599
7604
7605
7605
7608
7609
7609
7611
7614
7614
7617
7618
7622
7622
7623
7623
7639
7639
7642
7645
7645
7647
7647
7649
7653
7654
7662
7664
7666
7666
7669
7671
7671
7675
7678
7684
7688
7690
7691
7693
7698
7700
7701
7701
7701
7703
7704
7705
7707
7711
7712
7714
7715
7720
7720
7720
7720
7721
7722
7728
7731
7731
7734
7737
7737
7738
7738
7741
7741
7742
7746
7746
7749
7754
7757
7758
7758
7760
7760
7761
7765
7767
7772
7772
7785
7790
7794
7794
7796
7803
7809
7814
7814
7818
7821
7825
7827
7831
7833
7841
7843
7844
7845
7845
7847
7848
7850
7850
7852
7856
7857
7858
7865
7865
7867
7867
7868
7871
7872
7884
7885
7887
7889
7889
7892
7894
7895
7895
7896
7896
7897
7899
7900
7909
7910
7913
7915
7916
7916
7918
7919
7921
7924
7929
7931
7935
7938
7943
7948
7951
7951
7952
7954
7955
7962
7965
7974
7974
7975
7976
7980
7987
7987
7989
7989
7991
7991
7992
7997
7997
7998
8000
8001
8003
8004
8005
8007
8007
8008
8010
8011
8011
8012
8018
8018
8020
8020
8020
8020
8023
8023
8023
8038
8039
8039
8040
8040
8047
8050
8050
8051
8051
8053
8053
8053
8056
8057
8058
8060
8060
8062
8063
8063
8065
8066
8072
8077
8078
8079
8081
8081
8082
8083
8085
8088
8095
8097
8097
8098
8102
8107
8109
8112
8115
8116
8120
8123
8123
8125
8125
8126
8129
8131
8137
8138
8140
8142
8143
8144
8145
8147
8152
8153
8154
8156
8157
8161
8163
8164
8167
8168
8174
8176
8179
8183
8184
8185
8186
8187
8188
8192
8194
8195
8199
8199
8201
8203
8204
8204
8209
8209
8213
8214
8214
8214
8215
8216
8217
8218
8221
8222
8224
8225
8227
8228
8230
8232
8236
8243
8248
8250
8256
8257
8258
8259
8259
8262
8269
8271
8276
8277
8278
8279
8280
8281
8282
8289
8290
8291
8294
8300
8302
8305
8310
8313
8314
8314
8316
8318
8319
8324
8328
8333
8338
8338
8342
8343
8343
8345
8345
8346
8351
8352
8362
8362
8363
8364
8365
8365
8368
8369
8372
8373
8381
8382
8386
8387
8389
8390
8391
8393
8393
8397
8399
8401
8402
8403
8408
8408
8411
8413
8418
8419
8421
8422
8426
8430
8434
8435
8438
8439
8439
8446
8446
8447
8450
8460
8463
8465
8472
8473
8476
8480
8483
8487
8487
8488
8489
8490
8491
8492
8493
8497
8499
8504
8505
8508
8509
8509
8511
8511
8514
8518
8520
8520
8520
8525
8530
8533
8538
8538
8538
8543
8548
8549
8551
8551
8555
8557
8558
8559
8567
8567
8568
8569
8569
8570
8573
8578
8579
8584
8588
8589
8592
8595
8595
8598
8599
8600
8604
8606
8607
8610
8612
8613
8613
8619
8629
8630
8636
8636
8637
8641
8641
8642
8643
8644
8644
8644
8645
8650
8653
8654
8655
8657
8662
8663
8663
8663
8664
8667
8668
8670
8672
8674
8680
8680
8680
8681
8682
8682
8682
8689
8693
8693
8700
8700
8701
8703
8705
8706
8706
8708
8709
8712
8712
8714
8718
8719
8728
8730
8733
8734
8734
8734
8734
8737
8739
8739
8744
8745
8747
8747
8748
8752
8755
8756
8769
8769
8775
8776
8778
8780
8780
8783
8784
8784
8785
8785
8793
8794
8794
8794
8794
8800
8803
8804
8805
8808
8812
8815
8818
8821
8822
8826
8827
8830
8833
8833
8837
8838
8839
8848
8848
8848
8852
8855
8857
8857
8859
8860
8861
8862
8863
8864
8864
8865
8866
8868
8877
8877
8879
8879
8880
8880
8883
8887
8893
8893
8897
8898
8903
8906
8906
8909
8909
8913
8916
8917
8925
8926
8936
8939
8942
8945
8946
8949
8961
8963
8966
8971
8975
8979
8981
8987
8987
8990
8990
8991
8995
8995
8996
8997
8998
8998
9004
9004
9005
9010
9015
9016
9023
9024
9026
9027
9029
9033
9033
9035
9037
9037
9038
9038
9039
9039
9041
9046
9046
9050
9054
9056
9059
9062
9063
9066
9066
9071
9073
9073
9074
9076
9078
9079
9087
9090
9090
9093
9095
9100
9102
9105
9106
9108
9110
9114
9115
9125
9126
9129
9129
9132
9133
9137
9137
9139
9144
9149
9159
9162
9165
9167
9171
9172
9173
9177
9177
9177
9179
9183
9184
9185
9186
9190
9208
9210
9212
9215
9222
9224
9224
9227
9229
9231
9232
9233
9237
9237
9238
9244
9244
9254
9254
9255
9255
9257
9258
9258
9260
9261
9262
9265
9266
9266
9266
9266
9267
9267
9267
9270
9272
9272
9276
9277
9277
9278
9279
9282
9284
9288
9289
9292
9293
9297
9297
9297
9299
9301
9302
9306
9308
9308
9312
9314
9316
9316
9317
9317
9317
9317
9320
9320
9321
9322
9326
9327
9330
9332
9333
9333
9336
9337
9341
9347
9348
9349
9349
9351
9354
9355
9357
9357
9365
9370
9370
9371
9371
9371
9371
9379
9383
9386
9387
9388
9389
9389
9392
9392
9392
9396
9396
9398
9399
9401
9404
9406
9406
9407
9409
9410
9414
9416
9418
9425
9428
9431
9433
9433
9433
9436
9439
9441
9441
9443
9448
9450
9450
9452
9459
9462
9466
9467
9468
9468
9468
9469
9469
9470
9471
9472
9475
9478
9479
9482
9482
9488
9492
9493
9495
9495
9498
9501
9502
9503
9505
9507
9508
9510
9511
9518
9519
9522
9524
9526
9527
9529
9529
9530
9532
9538
9538
9538
9541
9541
9557
9560
9564
9564
9564
9565
9568
9568
9569
9571
9574
9574
9578
9578
9578
9580
9580
9581
9581
9587
9593
9595
9597
9597
9603
9606
9607
9612
9614
9615
9617
9621
9623
9628
9628
9630
9630
9631
9633
9640
9641
9641
9642
9643
9645
9649
9650
9651
9664
9673
9675
9676
9678
9682
9684
9685
9688
9690
9704
9704
9707
9708
9716
9717
9719
9721
9722
9722
9729
9740
9741
9743
9745
9747
9747
9748
9751
9751
9752
9754
9757
9763
9765
9766
9766
9767
9768
9770
9770
9771
9772
9774
9781
9781
9782
9783
9784
9786
9787
9790
9790
9790
9792
9795
9797
9798
9802
9805
9807
9807
9818
9823
9824
9825
9826
9827
9828
9830
9831
9831
9836
9841
9841
9846
9849
9852
9854
9855
9856
9856
9858
9859
9862
9863
9864
9865
9867
9868
9868
9873
9877
9881
9883
9885
9889
9890
9891
9892
9896
9898
9902
9904
9906
9906
9907
9907
9910
9910
9918
9920
9931
9932
9935
9941
9941
9944
9946
9950
9953
9957
9964
9965
9965
9966
9967
9967
9973
9979
9979
9979
9982
9985
9988
9988
9989
9994
9995
9996
9996
9997
