14
23
23
50
172
191
195
210
216
239
257
270
270
287
292
322
331
369
383
411
417
425
468
499
554
558
561
569
581
596
615
636
648
664
679
711
718
723
757
760
774
787
801
878
899
905
916
948
950
953
965
974
976
982
1008
1024
1033
1033
1064
1081
1087
1094
1103
1124
1129
1158
1174
1181
1194
1229
1335
1351
1365
1434
1450
1465
1498
1511
1515
1545
1553
1588
1651
1663
1693
1695
1746
1749
1841
1842
1844
1864
1872
1882
1907
1910
1928
1953
2058
2099
2105
2186
2226
2307
2342
2417
2544
2566
2578
2578
2693
2708
2717
2879
2941
2948
2950
2973
3008
3008
3028
3034
3049
3065
3074
3080
3118
3179
3187
3205
3256
3273
3298
3414
3522
3532
3563
3636
3713
3724
3725
3768
3778
3778
3782
3788
3789
3817
3919
3953
3989
4027
4030
4041
4079
4086
4116
4141
4188
4188
4193
4244
4245
4259
4290
4290
4325
4326
4336
4396
4447
4485
4541
4550
4553
4586
4615
4645
4682
4724
4730
4749
4808
4834
4898
4905
4931
4940
5058
5139
5157
5162
5172
5216
5245
5267
5268
5282
5348
5351
5374
5399
5469
5544
5563
5700
5703
5717
5771
5774
5796
5799
6025
6027
6075
6086
6115
6130
6150
6151
6154
6204
6348
6378
6387
6393
6432
6464
6537
6601
6624
6742
6814
6858
6867
6867
6969
6969
6996
7009
7094
7099
7106
7127
7156
7159
7194
7205
7293
7300
7300
7301
7313
7328
7352
7420
7428
7434
7438
7497
7547
7558
7566
7699
7729
7742
7760
7844
7909
7972
7984
8000
8036
8046
8102
8128
8201
8251
8320
8369
8371
8412
8456
8551
8575
8577
8600
8621
8653
8687
8704
8743
8817
8842
8865
8869
8884
8899
8983
9018
9073
9101
9148
9166
9181
9188
9195
9226
9240
9243
9247
9302
9335
9336
9396
9423
9437
9450
9479
9516
9550
9559
9578
9624
9625
9666
9720
9743
9752
9776
9845
9965
9978
9993
9996
