0.	0	0
1.	1	0
2.	0	0
3.	0	0
4.	0	0
5.	1	0
6.	0	0
7.	0	0
8.	0	0
9.	0	0
10.	3	2
11.	0	0
12.	0	0
13.	0	0
14.	0	0
15.	0	0
16.	0	0
17.	3	2
18.	0	0
19.	0	0
20.	0	0
21.	0	0
22.	1	0
23.	0	0
24.	1	0
25.	0	0
26.	0	0
27.	0	0
28.	0	0
29.	2	1
30.	0	0
31.	0	0
32.	1	0
33.	0	0
34.	0	0
35.	0	0
36.	1	0
37.	0	0
38.	0	0
39.	1	0
40.	0	0
41.	1	0
42.	0	0
43.	0	0
44.	2	1
45.	0	0
46.	0	0
47.	0	0
48.	3	2
49.	0	0
50.	0	0
51.	1	0
52.	0	0
53.	0	0
54.	0	0
55.	2	1
56.	0	0
57.	0	0
58.	0	0
59.	0	0
60.	3	2
61.	0	0
62.	0	0
63.	2	1
64.	0	0
65.	0	0
66.	0	0
67.	4	3
68.	0	0
69.	0	0
70.	0	0
71.	0	0
72.	1	0
73.	0	0
74.	0	0
75.	4	3
76.	0	0
77.	0	0
78.	0	0
79.	2	1
80.	0	0
81.	0	0
82.	1	0
83.	0	0
84.	2	1
85.	0	0
86.	0	0
87.	0	0
88.	0	0
89.	0	0
90.	0	0
91.	3	2
92.	0	0
93.	0	0
94.	3	2
95.	0	0
96.	0	0
97.	0	0
98.	1	0
99.	0	0
100.	0	0
101.	3	2
102.	0	0
103.	1	0
104.	1	0
105.	0	0
106.	0	0
107.	0	0
108.	0	0
109.	0	0
110.	0	0
111.	0	0
112.	0	0
113.	2	1
114.	0	0
115.	1	0
116.	0	0
117.	2	1
118.	0	0
119.	1	0
120.	1	0
121.	0	0
122.	1	0
123.	0	0
124.	0	0
125.	3	2
126.	0	0
127.	1	0
128.	0	0
129.	5	4
130.	0	0
131.	0	0
132.	0	0
133.	0	0
134.	1	0
135.	0	0
136.	0	0
137.	3	2
138.	0	0
139.	3	2
140.	0	0
141.	3	2
142.	0	0
143.	0	0
144.	0	0
145.	0	0
146.	0	0
147.	0	0
148.	1	0
149.	0	0
150.	0	0
151.	0	0
152.	0	0
153.	0	0
154.	0	0
155.	0	0
156.	0	0
157.	0	0
158.	0	0
159.	0	0
160.	2	1
161.	0	0
162.	0	0
163.	0	0
164.	0	0
165.	1	0
166.	0	0
167.	0	0
168.	2	1
169.	0	0
170.	2	1
171.	0	0
172.	2	1
173.	0	0
174.	0	0
175.	3	2
176.	0	0
177.	0	0
178.	0	0
179.	1	0
180.	0	0
181.	0	0
182.	1	0
183.	0	0
184.	1	0
185.	0	0
186.	0	0
187.	4	3
188.	0	0
189.	0	0
190.	1	0
191.	4	3
192.	0	0
193.	0	0
194.	2	1
195.	0	0
196.	1	0
197.	0	0
198.	0	0
199.	3	2
200.	0	0
201.	1	0
202.	0	0
203.	1	0
204.	0	0
205.	0	0
206.	2	1
207.	0	0
208.	0	0
209.	0	0
210.	1	0
211.	0	0
212.	0	0
213.	1	0
214.	0	0
215.	0	0
216.	0	0
217.	0	0
218.	2	1
219.	0	0
220.	0	0
221.	0	0
222.	2	1
223.	0	0
224.	0	0
225.	0	0
226.	0	0
227.	0	0
228.	0	0
229.	0	0
230.	7	6
231.	0	0
232.	0	0
233.	0	0
234.	2	1
235.	0	0
236.	0	0
237.	2	1
238.	0	0
239.	0	0
240.	0	0
241.	1	0
242.	0	0
243.	0	0
244.	2	1
245.	0	0
246.	0	0
247.	0	0
248.	0	0
249.	2	1
250.	0	0
251.	0	0
252.	1	0
253.	0	0
254.	0	0
255.	0	0
256.	0	0
257.	0	0
258.	0	0
259.	1	0
260.	0	0
261.	1	0
262.	0	0
263.	0	0
264.	0	0
265.	0	0
266.	0	0
267.	0	0
268.	1	0
269.	0	0
270.	0	0
271.	0	0
272.	2	1
273.	0	0
274.	0	0
275.	2	1
276.	0	0
277.	0	0
278.	0	0
279.	0	0
280.	2	1
281.	0	0
282.	1	0
283.	1	0
284.	1	0
285.	0	0
286.	0	0
287.	2	1
288.	0	0
289.	0	0
290.	0	0
291.	0	0
292.	1	0
293.	0	0
294.	4	3
295.	0	0
296.	0	0
297.	0	0
298.	0	0
299.	3	2
300.	0	0
301.	0	0
302.	0	0
303.	2	1
304.	0	0
305.	0	0
306.	1	0
307.	0	0
308.	0	0
309.	0	0
310.	0	0
311.	4	3
312.	0	0
313.	0	0
314.	0	0
315.	2	1
316.	0	0
317.	0	0
318.	1	0
319.	0	0
320.	1	0
321.	2	1
322.	0	0
323.	3	2
324.	0	0
325.	2	1
326.	0	0
327.	0	0
328.	0	0
329.	0	0
330.	5	4
331.	0	0
332.	0	0
333.	1	0
334.	3	2
335.	0	0
336.	0	0
337.	0	0
338.	0	0
339.	0	0
340.	0	0
341.	0	0
342.	4	3
343.	0	0
344.	0	0
345.	2	1
346.	3	2
347.	1	0
348.	0	0
349.	3	2
350.	0	0
351.	0	0
352.	0	0
353.	0	0
354.	1	0
355.	0	0
356.	0	0
357.	0	0
358.	0	0
359.	0	0
360.	0	0
361.	2	1
362.	0	0
363.	0	0
364.	0	0
365.	1	0
366.	0	0
367.	0	0
368.	1	0
369.	0	0
370.	1	0
371.	0	0
372.	0	0
373.	2	1
374.	0	0
375.	0	0
376.	2	1
377.	1	0
378.	0	0
379.	0	0
380.	2	1
381.	0	0
382.	0	0
383.	0	0
384.	0	0
385.	0	0
386.	0	0
387.	2	1
388.	0	0
389.	0	0
390.	1	0
391.	0	0
392.	1	0
393.	0	0
394.	0	0
395.	4	3
396.	2	1
397.	0	0
398.	0	0
399.	4	3
400.	0	0
401.	0	0
402.	1	0
403.	0	0
404.	3	2
405.	0	0
406.	0	0
407.	1	0
408.	0	0
409.	0	0
410.	0	0
411.	0	0
412.	0	0
413.	0	0
414.	1	0
415.	0	0
416.	1	0
417.	0	0
418.	3	2
419.	0	0
420.	0	0
421.	0	0
422.	0	0
423.	2	1
424.	0	0
425.	0	0
426.	0	0
427.	3	2
428.	0	0
429.	0	0
430.	3	2
431.	0	0
432.	0	0
433.	0	0
434.	0	0
435.	4	3
436.	0	0
437.	0	0
438.	1	0
439.	1	0
440.	1	0
441.	0	0
442.	2	1
443.	0	0
444.	0	0
445.	1	0
446.	0	0
447.	2	1
448.	0	0
449.	2	1
450.	0	0
451.	1	0
452.	0	0
453.	0	0
454.	1	0
455.	0	0
456.	0	0
457.	2	1
458.	0	0
459.	0	0
460.	0	0
461.	1	0
462.	0	0
463.	1	0
464.	1	0
465.	0	0
466.	0	0
467.	0	0
468.	0	0
469.	4	3
470.	0	0
471.	1	0
472.	0	0
473.	1	0
474.	0	0
475.	0	0
476.	0	0
477.	0	0
478.	2	1
479.	0	0
480.	2	1
481.	0	0
482.	0	0
483.	0	0
484.	0	0
485.	3	2
486.	0	0
487.	0	0
488.	1	0
489.	2	1
490.	0	0
491.	1	0
492.	1	0
493.	0	0
494.	0	0
495.	0	0
496.	0	0
497.	1	0
498.	0	0
499.	0	0
500.	2	1
501.	0	0
502.	0	0
503.	0	0
504.	2	1
505.	0	0
506.	0	0
507.	4	3
508.	0	0
509.	0	0
510.	0	0
511.	0	0
512.	0	0
513.	0	0
514.	1	0
515.	0	0
516.	2	1
517.	0	0
518.	0	0
519.	3	2
520.	1	0
521.	0	0
522.	0	0
523.	1	0
524.	0	0
525.	0	0
526.	0	0
527.	0	0
528.	4	3
529.	0	0
530.	0	0
531.	0	0
532.	1	0
533.	0	0
534.	0	0
535.	0	0
536.	0	0
537.	0	0
538.	1	0
539.	0	0
540.	0	0
541.	0	0
542.	0	0
543.	0	0
544.	0	0
545.	1	0
546.	0	0
547.	0	0
548.	0	0
549.	0	0
550.	4	3
551.	2	1
552.	0	0
553.	1	0
554.	2	1
555.	0	0
556.	0	0
557.	1	0
558.	0	0
559.	1	0
560.	0	0
561.	0	0
562.	0	0
563.	1	0
564.	0	0
565.	0	0
566.	1	0
567.	0	0
568.	0	0
569.	2	1
570.	0	0
571.	0	0
572.	0	0
573.	3	2
574.	0	0
575.	0	0
576.	0	0
577.	0	0
578.	1	0
579.	0	0
580.	0	0
581.	2	1
582.	0	0
583.	0	0
584.	0	0
585.	4	3
586.	0	0
587.	0	0
588.	0	0
589.	0	0
590.	1	0
591.	0	0
592.	0	0
593.	0	0
594.	0	0
595.	0	0
596.	0	0
597.	0	0
598.	0	0
599.	0	0
600.	2	1
601.	0	0
602.	0	0
603.	0	0
604.	1	0
605.	0	0
606.	0	0
607.	2	1
608.	0	0
609.	1	0
610.	0	0
611.	0	0
612.	1	0
613.	0	0
614.	0	0
615.	0	0
616.	2	1
617.	0	0
618.	0	0
619.	4	3
620.	0	0
621.	1	0
622.	0	0
623.	0	0
624.	1	0
625.	0	0
626.	1	0
627.	0	0
628.	2	1
629.	0	0
630.	0	0
631.	1	0
632.	0	0
633.	0	0
634.	0	0
635.	4	3
636.	0	0
637.	0	0
638.	1	0
639.	0	0
640.	2	1
641.	0	0
642.	0	0
643.	5	4
644.	0	0
645.	0	0
646.	0	0
647.	2	1
648.	0	0
649.	0	0
650.	1	0
651.	0	0
652.	0	0
653.	1	0
654.	0	0
655.	2	1
656.	0	0
657.	5	4
658.	0	0
659.	1	0
660.	0	0
661.	0	0
662.	1	0
663.	0	0
664.	0	0
665.	0	0
666.	3	2
667.	0	0
668.	0	0
669.	2	1
670.	0	0
671.	2	1
672.	0	0
673.	0	0
674.	0	0
675.	0	0
676.	0	0
677.	1	0
678.	1	0
679.	0	0
680.	0	0
681.	3	2
682.	0	0
683.	1	0
684.	0	0
685.	0	0
686.	2	1
687.	0	0
688.	0	0
689.	0	0
690.	0	0
691.	0	0
692.	0	0
693.	0	0
694.	0	0
695.	0	0
696.	0	0
697.	4	3
698.	0	0
699.	0	0
700.	3	2
701.	0	0
702.	0	0
703.	0	0
704.	0	0
705.	2	1
706.	0	0
707.	0	0
708.	0	0
709.	1	0
710.	0	0
711.	0	0
712.	0	0
713.	0	0
714.	0	0
715.	1	0
716.	0	0
717.	3	2
718.	0	0
719.	0	0
720.	0	0
721.	0	0
722.	0	0
723.	0	0
724.	2	1
725.	0	0
726.	1	0
727.	0	0
728.	1	0
729.	0	0
730.	0	0
731.	2	1
732.	0	0
733.	0	0
734.	0	0
735.	0	0
736.	2	1
737.	0	0
738.	0	0
739.	1	0
740.	2	1
741.	0	0
742.	0	0
743.	4	3
744.	0	0
745.	0	0
746.	1	0
747.	0	0
748.	2	1
749.	0	0
750.	1	0
751.	0	0
752.	1	0
753.	0	0
754.	0	0
755.	0	0
756.	0	0
757.	0	0
758.	2	1
759.	1	0
760.	0	0
761.	0	0
762.	2	1
763.	0	0
764.	0	0
765.	0	0
766.	0	0
767.	0	0
768.	0	0
769.	0	0
770.	1	0
771.	1	0
772.	0	0
773.	0	0
774.	4	3
775.	0	0
776.	0	0
777.	2	1
778.	0	0
779.	0	0
780.	0	0
781.	3	2
782.	0	0
783.	0	0
784.	0	0
785.	0	0
786.	0	0
787.	0	0
788.	0	0
789.	2	1
790.	0	0
791.	0	0
792.	0	0
793.	2	1
794.	0	0
795.	0	0
796.	0	0
797.	0	0
798.	1	0
799.	0	0
800.	0	0
801.	1	0
802.	0	0
803.	0	0
804.	0	0
805.	1	0
806.	0	0
807.	0	0
808.	1	0
809.	0	0
810.	0	0
811.	0	0
812.	1	0
813.	0	0
814.	0	0
815.	0	0
816.	0	0
817.	1	0
818.	0	0
819.	0	0
820.	3	2
821.	1	0
822.	0	0
823.	0	0
824.	0	0
825.	0	0
826.	0	0
827.	0	0
828.	0	0
829.	1	0
830.	0	0
831.	0	0
832.	1	0
833.	0	0
834.	0	0
835.	0	0
836.	3	2
837.	0	0
838.	0	0
839.	0	0
840.	0	0
841.	1	0
842.	0	0
843.	2	1
844.	0	0
845.	0	0
846.	0	0
847.	0	0
848.	0	0
849.	0	0
850.	0	0
851.	4	3
852.	1	0
853.	0	0
854.	0	0
855.	1	0
856.	0	0
857.	0	0
858.	1	0
859.	0	0
860.	1	0
861.	0	0
862.	0	0
863.	1	0
864.	0	0
865.	0	0
866.	0	0
867.	2	1
868.	0	0
869.	0	0
870.	3	2
871.	0	0
872.	0	0
873.	0	0
874.	2	1
875.	0	0
876.	0	0
877.	2	1
878.	0	0
879.	1	0
880.	0	0
881.	0	0
882.	2	1
883.	1	0
884.	0	0
885.	0	0
886.	2	1
887.	0	0
888.	0	0
889.	0	0
890.	0	0
891.	3	2
892.	0	0
893.	0	0
894.	4	3
895.	0	0
896.	0	0
897.	0	0
898.	2	1
899.	0	0
Общая коллизия = 234
