2
6
10
10
11
11
16
21
29
29
39
45
59
65
65
75
81
86
89
91
101
101
103
111
111
114
125
139
140
152
156
159
162
164
176
176
183
187
187
196
203
204
205
212
215
218
227
233
234
241
261
265
266
267
283
283
284
284
285
292
293
304
306
307
314
322
334
337
340
343
344
349
350
360
364
367
376
384
386
394
399
403
403
411
412
423
430
432
439
443
457
461
463
468
475
499
504
506
508
511
515
524
531
536
537
540
540
555
555
561
562
563
563
578
593
599
602
607
614
617
636
638
640
640
641
643
644
647
657
662
666
695
702
709
719
726
728
732
735
758
760
770
783
803
805
827
828
829
830
834
838
852
853
855
856
863
868
869
872
885
888
894
901
905
912
912
923
940
941
947
957
959
964
965
970
971
976
976
979
980
989
1011
1017
1029
1029
1029
1032
1036
1041
1056
1061
1075
1075
1076
1077
1077
1079
1082
1084
1088
1090
1092
1097
1097
1099
1105
1109
1119
1121
1123
1135
1142
1146
1149
1153
1163
1164
1166
1166
1173
1187
1188
1190
1194
1198
1205
1214
1219
1228
1228
1238
1246
1247
1252
1255
1255
1256
1258
1265
1277
1295
1297
1305
1317
1322
1324
1337
1339
1353
1359
1367
1373
1376
1408
1409
1418
1423
1430
1432
1435
1470
1474
1504
1516
1518
1520
1521
1522
1522
1527
1530
1533
1540
1541
1547
1555
1565
1566
1576
1577
1577
1583
1586
1587
1588
1592
1594
1597
1603
1603
1607
1608
1627
1633
1641
1648
1654
1660
1661
1662
1662
1665
1671
1673
1687
1719
1728
1735
1755
1756
1761
1772
1777
1779
1786
1790
1795
1796
1799
1803
1819
1825
1827
1828
1829
1846
1847
1854
1861
1861
1866
1874
1879
1881
1891
1895
1905
1909
1911
1913
1918
1925
1930
1933
1933
1935
1939
1940
1949
1949
1951
1959
1961
1964
1965
1971
1977
1979
1983
1985
1986
2005
2006
2010
2017
2018
2019
2028
2033
2039
2046
2048
2049
2052
2061
2070
2077
2077
2090
2093
2096
2103
2117
2117
2124
2126
2127
2130
2132
2140
2151
2159
2165
2165
2166
2171
2176
2179
2184
2188
2190
2201
2201
2204
2209
2229
2246
2268
2269
2276
2282
2290
2303
2305
2313
2313
2319
2321
2322
2335
2338
2340
2341
2343
2350
2362
2368
2371
2376
2378
2381
2385
2392
2397
2407
2418
2419
2432
2444
2445
2459
2464
2469
2473
2485
2491
2500
2507
2519
2519
2522
2534
2537
2538
2550
2552
2554
2557
2559
2563
2572
2574
2575
2577
2581
2595
2610
2616
2618
2627
2652
2659
2659
2666
2670
2670
2672
2682
2683
2696
2696
2700
2704
2712
2713
2720
2721
2729
2734
2735
2735
2741
2747
2748
2749
2772
2773
2777
2781
2785
2786
2787
2789
2798
2799
2803
2807
2810
2816
2817
2823
2823
2834
2854
2860
2871
2881
2881
2882
2895
2907
2924
2934
2963
2964
2964
2972
3000
3004
3010
3023
3061
3062
3087
3092
3095
3109
3117
3121
3123
3123
3125
3139
3140
3163
3170
3226
3231
3234
3237
3244
3254
3256
3257
3272
3293
3305
3316
3329
3350
3374
3374
3376
3376
3386
3392
3392
3396
3406
3423
3432
3433
3443
3453
3490
3507
3508
3512
3517
3518
3530
3534
3535
3542
3542
3545
3551
3558
3559
3565
3566
3573
3582
3582
3589
3595
3597
3609
3614
3616
3619
3620
3622
3623
3649
3658
3667
3686
3688
3693
3695
3701
3702
3721
3729
3733
3736
3752
3759
3767
3769
3784
3785
3796
3803
3804
3810
3822
3823
3829
3830
3830
3832
3835
3836
3845
3862
3868
3872
3874
3875
3904
3908
3919
3921
3921
3921
3928
3932
3934
3941
3944
3948
3977
3985
3986
3993
3995
3996
4000
4001
4003
4012
4013
4014
4022
4033
4046
4051
4052
4055
4070
4071
4081
4094
4094
4107
4117
4133
4134
4143
4155
4161
4162
4166
4167
4171
4182
4183
4187
4191
4200
4206
4210
4222
4251
4251
4261
4266
4274
4286
4307
4308
4309
4344
4346
4351
4365
4373
4382
4383
4386
4400
4400
4407
4412
4414
4416
4437
4446
4454
4456
4464
4467
4471
4493
4515
4518
4562
4579
4587
4602
4613
4618
4626
4632
4652
4660
4671
4675
4678
4708
4713
4713
4715
4727
4737
4739
4758
4784
4787
4796
4801
4802
4807
4812
4837
4841
4845
4847
4851
4854
4865
4870
4876
4880
4891
4898
4907
4908
4909
4910
4912
4934
4940
4985
5003
5017
5022
5025
5027
5031
5032
5042
5049
5051
5052
5057
5083
5086
5098
5140
5145
5151
5153
5161
5164
5164
5174
5194
5204
5224
5225
5225
5231
5237
5264
5279
5279
5293
5298
5307
5307
5314
5322
5330
5333
5334
5338
5340
5356
5356
5368
5376
5379
5383
5384
5388
5397
5402
5404
5412
5414
5420
5423
5455
5460
5461
5468
5490
5495
5496
5500
5501
5515
5520
5530
5537
5542
5569
5578
5591
5611
5616
5616
5616
5621
5623
5626
5630
5643
5656
5669
5681
5686
5687
5712
5717
5720
5723
5740
5749
5771
5794
5796
5810
5811
5823
5827
5833
5847
5856
5857
5869
5870
5884
5889
5893
5895
5898
5907
5907
5915
5917
5918
5921
5933
5958
5960
5960
5961
5967
5969
5975
5975
5976
5984
5989
5991
5993
5994
5999
6032
6054
6070
6076
6088
6100
6105
6114
6120
6131
6133
6138
6143
6149
6150
6152
6158
6159
6160
6161
6165
6173
6177
6185
6192
6205
6212
6216
6230
6234
6240
6268
6275
6278
6279
6282
6290
6294
6296
6303
6307
6308
6326
6337
6338
6345
6361
6367
6370
6372
6373
6373
6373
6387
6392
6427
6440
6441
6442
6447
6454
6460
6470
6471
6492
6520
6530
6554
6565
6574
6593
6602
6609
6611
6612
6618
6623
6626
6633
6669
6680
6690
6699
6700
6709
6712
6714
6764
6765
6774
6785
6796
6804
6816
6816
6825
6827
6828
6833
6835
6837
6840
6846
6857
6866
6868
6869
6873
6875
6886
6892
6899
6903
6930
6934
6950
6951
6958
6974
6976
6995
7000
7000
7004
7006
7008
7009
7012
7014
7026
7029
7043
7047
7048
7055
7060
7060
7062
7068
7070
7079
7080
7086
7091
7096
7101
7103
7109
7115
7118
7126
7132
7152
7157
7159
7177
7193
7198
7206
7210
7217
7217
7218
7220
7229
7232
7234
7240
7251
7253
7261
7262
7272
7273
7277
7301
7302
7302
7311
7314
7320
7378
7408
7428
7430
7434
7439
7441
7447
7449
7454
7456
7464
7469
7474
7474
7489
7493
7494
7495
7498
7500
7512
7518
7522
7523
7526
7533
7538
7545
7549
7570
7594
7597
7611
7623
7639
7645
7647
7664
7666
7666
7671
7678
7684
7690
7693
7698
7701
7711
7712
7728
7738
7738
7741
7742
7749
7772
7794
7794
7796
7818
7845
7847
7865
7871
7895
7896
7899
7909
7916
7916
7935
7943
7948
7955
7975
7976
7987
7989
7991
7997
8004
8010
8012
8020
8023
8039
8051
8060
8081
8081
8082
8083
8088
8098
8120
8129
8143
8152
8163
8174
8184
8187
8188
8194
8199
8199
8201
8209
8209
8215
8225
8230
8258
8259
8262
8279
8282
8291
8305
8314
8316
8318
8324
8343
8343
8345
8345
8352
8386
8397
8401
8408
8408
8413
8438
8439
8450
8465
8476
8487
8491
8492
8493
8505
8508
8511
8514
8518
8520
8520
8538
8538
8538
8548
8549
8555
8558
8559
8567
8595
8599
8600
8636
8637
8642
8644
8653
8655
8662
8664
8667
8668
8674
8681
8689
8693
8693
8700
8703
8706
8706
8708
8709
8712
8733
8734
8739
8745
8752
8778
8780
8785
8794
8794
8803
8805
8821
8826
8827
8830
8848
8855
8857
8860
8864
8865
8866
8880
8898
8909
8916
8917
8926
8945
8961
8990
8991
8995
9005
9023
9026
9029
9037
9039
9041
9046
9046
9050
9071
9073
9087
9093
9108
9125
9129
9132
9137
9149
9162
9167
9173
9177
9186
9212
9233
9237
9265
9266
9267
9272
9272
9277
9282
9288
9297
9299
9302
9317
9317
9317
9320
9322
9326
9327
9330
9333
9337
9347
9349
9351
9357
9371
9371
9371
9383
9396
9398
9406
9414
9428
9433
9441
9462
9466
9468
9475
9478
9479
9482
9488
9493
9495
9507
9510
9518
9529
9530
9532
9538
9564
9568
9569
9593
9595
9623
9628
9628
9630
9630
9631
9640
9641
9641
9643
9645
9649
9651
9675
9690
9704
9708
9729
9740
9741
9743
9747
9765
9767
9768
9770
9774
9781
9782
9786
9790
9790
9795
9798
9805
9807
9818
9823
9824
9836
9841
9849
9852
9854
9859
9863
9864
9865
9868
9889
9890
9892
9904
9906
9907
9931
9946
9953
9966
9994
9995
9996
9997
