17
28
34
34
40
49
49
53
54
55
58
68
74
82
85
95
97
107
109
121
126
132
134
145
146
146
151
155
159
168
173
173
182
196
199
201
212
218
220
224
226
232
232
235
235
237
239
242
245
255
271
275
298
308
310
311
326
360
362
384
387
391
400
402
404
405
405
406
407
418
418
420
428
441
443
445
452
453
456
463
464
487
509
516
517
524
527
527
536
539
544
549
556
561
563
567
568
582
589
592
595
599
600
603
605
612
618
623
629
632
643
681
693
708
711
715
717
718
722
722
726
730
733
741
743
745
746
752
756
758
759
762
776
779
797
800
803
813
814
826
827
836
854
876
877
881
884
896
897
897
914
919
920
922
928
941
945
947
956
959
960
966
968
969
1004
1022
1025
1032
1050
1056
1061
1064
1067
1070
1080
1084
1085
1095
1096
1108
1112
1114
1117
1122
1132
1133
1141
1142
1145
1162
1164
1181
1187
1194
1195
1203
1207
1212
1219
1224
1236
1240
1255
1256
1257
1258
1259
1261
1263
1279
1286
1286
1301
1320
1320
1324
1331
1332
1332
1333
1334
1335
1344
1348
1351
1353
1355
1361
1376
1378
1382
1391
1398
1407
1420
1424
1428
1438
1440
1452
1460
1467
1473
1474
1474
1477
1480
1490
1500
1504
1512
1520
1521
1538
1541
1557
1559
1565
1569
1569
1574
1575
1575
1583
1587
1589
1595
1596
1599
1600
1610
1620
1622
1639
1642
1651
1654
1656
1659
1660
1662
1665
1667
1674
1703
1706
1712
1716
1721
1722
1731
1750
1751
1755
1765
1766
1772
1798
1802
1806
1809
1811
1813
1818
1819
1822
1839
1841
1841
1842
1843
1846
1849
1854
1863
1864
1865
1866
1874
1888
1905
1926
1931
1942
1943
1947
1950
1950
1965
1966
1980
1984
1998
2000
2004
2008
2008
2009
2025
2039
2053
2063
2066
2070
2081
2084
2084
2085
2088
2094
2097
2097
2099
2099
2108
2110
2116
2121
2132
2135
2141
2146
2153
2163
2165
2171
2180
2185
2185
2220
2226
2229
2231
2242
2245
2254
2260
2260
2263
2266
2278
2283
2285
2296
2300
2302
2310
2316
2319
2329
2332
2332
2337
2342
2365
2365
2369
2387
2390
2394
2397
2413
2419
2422
2432
2435
2436
2439
2446
2449
2454
2460
2466
2486
2490
2493
2493
2498
2510
2512
2517
2526
2528
2532
2551
2553
2554
2555
2560
2565
2566
2570
2572
2580
2585
2594
2625
2631
2631
2631
2639
2639
2642
2643
2652
2654
2673
2675
2685
2686
2693
2693
2703
2705
2710
2711
2713
2713
2717
2725
2731
2738
2741
2746
2747
2749
2749
2751
2753
2760
2765
2767
2785
2787
2788
2790
2797
2817
2818
2825
2827
2833
2836
2846
2853
2874
2886
2891
2901
2903
2909
2913
2921
2927
2928
2930
2942
2946
2953
2959
2959
2965
2970
2994
3013
3017
3028
3037
3070
3075
3081
3083
3084
3094
3098
3100
3106
3119
3150
3166
3180
3200
3213
3229
3233
3240
3242
3256
3261
3264
3269
3270
3281
3283
3291
3304
3305
3309
3329
3347
3349
3352
3363
3379
3391
3411
3427
3437
3442
3445
3447
3451
3452
3482
3491
3492
3495
3503
3510
3513
3522
3526
3529
3542
3563
3581
3597
3606
3616
3630
3631
3647
3665
3671
3673
3677
3684
3696
3706
3721
3726
3733
3748
3755
3758
3763
3764
3764
3765
3773
3789
3792
3795
3804
3804
3807
3818
3829
3834
3835
3849
3875
3880
3889
3902
3920
3925
3927
3936
3938
3972
3980
3983
3991
3993
3997
4016
4016
4038
4039
4052
4060
4072
4082
4096
4098
4106
4107
4107
4122
4129
4129
4137
4141
4143
4145
4146
4154
4156
4158
4165
4167
4170
4173
4177
4186
4200
4203
4203
4205
4215
4221
4240
4244
4249
4262
4263
4295
4300
4306
4329
4333
4336
4342
4344
4349
4351
4354
4356
4357
4358
4361
4364
4374
4377
4381
4382
4385
4386
4388
4398
4403
4409
4411
4422
4440
4463
4464
4467
4467
4475
4481
4492
4500
4505
4510
4510
4519
4531
4533
4544
4549
4551
4559
4572
4589
4592
4596
4601
4602
4638
4638
4641
4655
4660
4662
4664
4670
4674
4679
4679
4680
4683
4683
4697
4698
4698
4702
4705
4705
4727
4744
4765
4799
4803
4804
4804
4815
4817
4854
4859
4866
4881
4887
4909
4917
4922
4923
4924
4928
4931
4932
4933
4943
4946
4949
4963
4986
4988
4995
5005
5017
5019
5025
5031
5031
5035
5037
5039
5043
5044
5068
5071
5076
5078
5084
5087
5095
5107
5111
5117
5121
5139
5140
5141
5144
5144
5155
5158
5158
5159
5159
5165
5172
5174
5191
5192
5202
5220
5222
5228
5240
5254
5260
5261
5265
5276
5281
5285
5296
5302
5322
5324
5338
5340
5364
5380
5381
5388
5398
5401
5418
5426
5427
5440
5442
5453
5460
5461
5468
5476
5476
5484
5486
5492
5495
5515
5517
5519
5526
5530
5555
5560
5563
5567
5567
5572
5572
5573
5574
5575
5605
5611
5613
5628
5628
5629
5643
5647
5659
5665
5694
5700
5704
5711
5711
5712
5716
5718
5720
5723
5752
5777
5784
5795
5799
5807
5812
5814
5817
5830
5844
5854
5862
5870
5878
5878
5886
5887
5900
5907
5919
5925
5939
5954
5955
5959
5960
5974
5979
5993
6004
6015
6028
6035
6038
6038
6045
6050
6092
6094
6132
6135
6137
6137
6138
6144
6158
6162
6170
6172
6183
6199
6223
6224
6225
6239
6241
6243
6245
6247
6264
6267
6291
6305
6309
6309
6315
6317
6322
6340
6342
6358
6364
6369
6372
6377
6380
6381
6398
6430
6434
6436
6442
6442
6456
6459
6461
6482
6488
6498
6514
6519
6529
6533
6551
6556
6560
6570
6581
6609
6610
6621
6650
6650
6650
6654
6656
6665
6666
6668
6669
6684
6692
6693
6713
6720
6734
6742
6742
6743
6747
6749
6755
6758
6769
6773
6775
6784
6792
6799
6803
6805
6806
6825
6830
6836
6840
6844
6862
6864
6885
6887
6905
6906
6909
6917
6918
6919
6920
6933
6935
6942
6944
6949
6952
6954
6954
6958
6965
6966
6985
6989
6993
7003
7024
7034
7040
7040
7042
7045
7046
7050
7052
7063
7064
7065
7075
7107
7108
7110
7114
7122
7146
7154
7171
7173
7175
7175
7181
7189
7196
7198
7200
7200
7207
7224
7234
7241
7242
7242
7245
7246
7247
7249
7253
7256
7260
7262
7262
7273
7275
7276
7279
7281
7285
7286
7286
7293
7295
7300
7307
7312
7315
7323
7324
7328
7334
7334
7335
7336
7337
7343
7345
7354
7355
7359
7359
7362
7364
7367
7367
7376
7377
7392
7395
7412
7414
7415
7424
7425
7426
7440
7441
7443
7446
7446
7447
7448
7470
7471
7473
7477
7482
7490
7505
7508
7519
7528
7530
7539
7548
7556
7558
7558
7567
7570
7575
7582
7599
7605
7608
7617
7622
7623
7642
7653
7691
7700
7704
7720
7722
7731
7746
7754
7761
7765
7772
7785
7809
7814
7814
7843
7845
7850
7856
7865
7885
7896
7913
7919
7924
7929
7931
7938
7951
7952
7974
7980
7989
7991
7997
8000
8005
8011
8011
8018
8020
8023
8038
8047
8051
8053
8053
8058
8063
8078
8079
8097
8109
8112
8115
8116
8123
8125
8126
8138
8140
8145
8161
8164
8167
8176
8179
8183
8204
8214
8214
8227
8228
8236
8243
8248
8257
8259
8271
8276
8294
8319
8328
8338
8363
8364
8368
8369
8382
8387
8399
8426
8463
8473
8480
8488
8520
8530
8569
8579
8584
8588
8589
8598
8604
8606
8613
8629
8636
8641
8644
8645
8663
8680
8700
8705
8714
8734
8734
8737
8739
8747
8748
8755
8756
8769
8769
8776
8783
8784
8784
8793
8794
8794
8800
8815
8818
8833
8838
8848
8852
8857
8859
8864
8877
8877
8879
8883
8897
8903
8909
8913
8936
8942
8946
8971
8975
8981
8987
8990
8996
8998
9027
9033
9037
9038
9059
9063
9066
9073
9074
9076
9078
9079
9090
9090
9105
9114
9115
9133
9137
9139
9159
9165
9171
9179
9185
9208
9210
9215
9224
9227
9231
9237
9244
9254
9255
9257
9258
9258
9266
9266
9276
9277
9289
9292
9297
9297
9301
9308
9314
9317
9332
9348
9370
9379
9386
9387
9388
9396
9399
9404
9406
9409
9425
9431
9433
9441
9450
9468
9468
9469
9469
9471
9482
9492
9503
9519
9526
9527
9541
9557
9560
9564
9571
9574
9578
9578
9580
9581
9587
9597
9603
9615
9617
9621
9633
9673
9682
9685
9688
9707
9716
9717
9719
9722
9747
9752
9757
9763
9766
9766
9771
9781
9784
9792
9797
9825
9826
9828
9831
9831
9856
9867
9868
9891
9896
9898
9906
9910
9918
9932
9941
9944
9957
9964
9965
9965
9967
9973
9979
9985
9988
9996
