7
9
11
17
20
34
36
36
36
39
58
59
60
79
84
91
91
102
103
115
118
120
125
130
133
148
158
160
161
165
165
176
185
189
190
193
193
202
205
207
208
211
213
216
236
245
251
257
259
259
260
264
266
269
274
281
285
285
292
308
319
326
329
339
340
345
350
357
358
368
392
393
395
398
401
422
436
441
442
443
446
448
454
462
463
468
473
480
488
492
499
499
510
525
526
530
552
554
554
567
567
571
579
580
595
597
598
599
602
608
617
639
656
656
662
662
667
673
681
684
692
712
724
728
728
733
735
737
737
737
765
765
766
771
773
778
788
791
793
801
805
806
810
818
818
819
829
841
851
855
858
862
865
870
871
888
891
905
924
924
934
943
944
955
963
970
973
984
986
995
1000
1002
1006
1026
1026
1028
1044
1046
1048
1054
1070
1070
1078
1087
1094
1101
1107
1108
1111
1121
1122
1130
1143
1155
1160
1177
1182
1196
1209
1218
1219
1222
1222
1228
1229
1230
1233
1243
1246
1267
1268
1278
1279
1284
1287
1289
1297
1301
1308
1309
1323
1332
1333
1339
1348
1375
1383
1401
1416
1417
1419
1428
1445
1447
1457
1459
1463
1473
1473
1477
1482
1488
1489
1490
1493
1494
1497
1514
1522
1525
1525
1529
1531
1531
1532
1537
1538
1543
1545
1548
1548
1550
1559
1564
1566
1567
1568
1570
1574
1579
1581
1581
1583
1589
1590
1591
1595
1601
1602
1606
1610
1617
1621
1625
1626
1630
1630
1645
1648
1649
1653
1674
1675
1675
1677
1677
1680
1684
1695
1697
1703
1717
1718
1720
1722
1729
1730
1759
1763
1767
1773
1777
1778
1781
1785
1785
1787
1798
1807
1810
1814
1816
1824
1825
1838
1842
1844
1845
1845
1847
1854
1860
1866
1870
1871
1871
1872
1874
1889
1908
1908
1908
1915
1919
1920
1929
1931
1939
1941
1949
1952
1954
1961
1964
1971
1974
1975
1977
1978
1983
1986
1990
1999
2002
2003
2010
2013
2016
2020
2021
2025
2026
2027
2038
2039
2039
2045
2047
2050
2056
2056
2059
2064
2067
2070
2072
2074
2077
2084
2087
2087
2091
2107
2109
2117
2118
2134
2145
2146
2150
2151
2153
2157
2163
2164
2174
2177
2179
2181
2188
2192
2202
2203
2211
2219
2220
2229
2238
2243
2253
2258
2259
2259
2260
2270
2270
2290
2303
2304
2314
2316
2325
2326
2327
2334
2338
2338
2349
2349
2352
2356
2359
2364
2371
2376
2381
2384
2389
2397
2397
2400
2412
2414
2414
2421
2425
2430
2433
2468
2472
2472
2475
2490
2496
2505
2510
2520
2520
2533
2548
2551
2553
2561
2592
2595
2596
2611
2614
2621
2621
2621
2623
2625
2629
2642
2651
2653
2658
2659
2663
2664
2665
2665
2668
2675
2685
2691
2694
2695
2696
2708
2711
2719
2730
2752
2762
2763
2780
2787
2789
2794
2799
2800
2819
2823
2825
2827
2836
2840
2873
2886
2897
2899
2901
2902
2903
2907
2915
2917
2933
2934
2939
2939
2941
2941
2950
2956
2965
2966
2968
2969
2980
2987
2994
3005
3027
3030
3034
3041
3042
3046
3069
3070
3070
3074
3086
3087
3104
3114
3115
3116
3124
3144
3145
3160
3178
3180
3189
3209
3211
3213
3215
3231
3238
3242
3261
3264
3274
3277
3284
3287
3291
3298
3301
3314
3315
3327
3348
3429
3435
3436
3444
3452
3452
3456
3460
3465
3470
3483
3486
3498
3501
3510
3512
3516
3538
3538
3548
3557
3558
3561
3571
3576
3606
3621
3628
3634
3634
3641
3657
3665
3673
3678
3681
3684
3693
3697
3699
3709
3710
3728
3730
3739
3755
3762
3765
3766
3768
3773
3778
3779
3779
3790
3797
3815
3834
3844
3856
3862
3868
3870
3885
3887
3898
3903
3907
3916
3919
3927
3945
3951
3956
3965
3967
3976
3986
3995
4005
4007
4008
4019
4028
4032
4035
4041
4054
4069
4070
4072
4077
4079
4082
4097
4111
4111
4119
4121
4129
4138
4152
4161
4163
4165
4170
4178
4181
4201
4204
4207
4210
4221
4242
4249
4254
4261
4261
4267
4282
4296
4325
4336
4337
4342
4342
4357
4368
4371
4378
4378
4389
4392
4399
4405
4412
4412
4420
4439
4447
4454
4458
4461
4464
4465
4467
4473
4475
4476
4488
4499
4503
4505
4508
4511
4524
4539
4540
4550
4559
4587
4600
4602
4603
4604
4610
4630
4638
4652
4656
4662
4667
4694
4694
4697
4700
4701
4708
4716
4735
4737
4738
4744
4752
4765
4768
4771
4776
4780
4781
4789
4792
4810
4832
4832
4836
4842
4856
4857
4858
4865
4866
4886
4900
4911
4914
4918
4922
4931
4934
4935
4945
4956
4961
4973
4975
4988
4994
5014
5015
5017
5018
5020
5026
5031
5034
5048
5056
5067
5072
5118
5121
5122
5131
5132
5137
5146
5146
5154
5165
5172
5181
5186
5187
5205
5207
5211
5217
5234
5256
5256
5260
5266
5273
5275
5280
5280
5287
5294
5296
5296
5303
5309
5312
5314
5316
5319
5328
5334
5335
5339
5353
5354
5361
5366
5373
5383
5387
5395
5395
5403
5407
5415
5417
5418
5421
5433
5443
5444
5450
5482
5490
5502
5512
5514
5515
5524
5526
5532
5540
5543
5556
5565
5584
5587
5597
5600
5600
5631
5639
5649
5659
5670
5673
5682
5686
5687
5701
5735
5738
5744
5745
5749
5751
5755
5759
5801
5806
5822
5826
5831
5841
5842
5847
5852
5857
5867
5892
5897
5910
5928
5930
5951
5957
5961
5968
5996
5997
5997
6004
6016
6020
6027
6029
6032
6043
6052
6056
6065
6067
6071
6071
6095
6095
6106
6107
6109
6115
6139
6139
6148
6149
6152
6168
6172
6178
6193
6194
6198
6199
6201
6204
6210
6218
6222
6227
6233
6236
6241
6263
6274
6284
6287
6294
6301
6311
6315
6317
6327
6328
6341
6345
6368
6385
6393
6399
6416
6418
6431
6431
6433
6433
6433
6475
6485
6497
6501
6501
6504
6525
6527
6536
6550
6552
6553
6554
6557
6559
6575
6576
6601
6601
6608
6609
6610
6624
6637
6640
6641
6656
6671
6671
6675
6691
6701
6706
6720
6724
6728
6768
6799
6802
6807
6813
6814
6814
6817
6826
6833
6852
6859
6863
6864
6864
6872
6879
6887
6892
6892
6897
6898
6906
6908
6910
6915
6918
6920
6922
6942
6946
6953
6968
6968
6969
6971
6975
6980
6994
6995
7002
7002
7005
7023
7025
7035
7037
7056
7068
7068
7077
7079
7110
7117
7119
7121
7147
7163
7170
7171
7174
7188
7194
7199
7213
7215
7219
7239
7251
7272
7278
7291
7309
7326
7331
7340
7340
7346
7360
7368
7380
7387
7396
7398
7400
7403
7408
7410
7414
7421
7430
7436
7451
7461
7463
7464
7464
7482
7484
7502
7519
7519
7526
7540
7573
7576
7590
7603
7614
7618
7626
7636
7645
7649
7654
7656
7670
7684
7720
7721
7727
7731
7734
7737
7748
7763
7767
7767
7781
7790
7831
7838
7848
7850
7854
7857
7858
7860
7865
7867
7870
7878
7891
7895
7897
7906
7912
7918
7921
7947
7962
7963
7968
7971
7992
7993
7993
7998
8007
8014
8017
8020
8023
8057
8065
8088
8094
8097
8102
8107
8109
8112
8113
8133
8156
8168
8186
8193
8204
8214
8238
8249
8265
8268
8272
8273
8279
8289
8310
8319
8326
8342
8346
8349
8350
8352
8362
8381
8390
8391
8400
8402
8403
8414
8414
8422
8424
8430
8474
8487
8492
8497
8502
8505
8511
8522
8525
8528
8533
8548
8551
8551
8554
8557
8563
8567
8568
8573
8578
8582
8583
8586
8589
8590
8590
8592
8597
8607
8620
8624
8632
8641
8647
8655
8661
8663
8663
8665
8667
8672
8673
8682
8693
8701
8701
8716
8729
8744
8744
8749
8751
8756
8760
8763
8780
8817
8827
8837
8840
8847
8861
8863
8868
8874
8879
8887
8903
8904
8904
8906
8909
8926
8927
8941
8946
8951
8955
8968
8969
8987
9006
9015
9015
9023
9030
9033
9037
9042
9045
9045
9047
9049
9054
9054
9056
9062
9071
9072
9080
9092
9106
9119
9126
9126
9144
9148
9150
9177
9183
9196
9198
9221
9225
9230
9233
9237
9239
9239
9244
9248
9259
9262
9267
9270
9273
9275
9283
9293
9293
9312
9319
9340
9352
9359
9370
9389
9392
9396
9398
9403
9404
9410
9411
9433
9440
9443
9448
9469
9483
9502
9505
9505
9513
9516
9521
9527
9538
9542
9545
9545
9550
9554
9555
9558
9562
9574
9578
9596
9597
9597
9606
9607
9610
9612
9614
9628
9642
9645
9646
9650
9663
9664
9679
9689
9700
9711
9713
9719
9721
9724
9727
9733
9748
9751
9754
9759
9765
9767
9772
9777
9780
9782
9784
9801
9802
9804
9807
9818
9830
9836
9839
9841
9850
9860
9862
9884
9885
9886
9888
9892
9892
9910
9915
9917
9920
9925
9939
9960
9976
9979
9985
9987
9989
9990
