5
6
10
14
14
14
20
32
37
49
50
51
51
64
69
69
71
75
78
79
84
84
85
87
98
101
106
107
116
117
120
143
144
155
161
162
182
191
191
198
208
210
210
213
214
216
218
219
219
238
256
257
259
263
265
268
273
273
277
280
280
281
291
301
310
311
317
324
324
336
340
341
361
367
393
399
411
414
415
417
417
418
418
423
426
427
439
444
445
447
449
460
464
466
466
483
483
504
513
513
520
521
524
525
525
531
532
560
563
565
569
581
583
583
586
589
592
596
604
606
611
615
625
629
635
639
641
653
656
662
672
672
673
677
681
687
692
705
708
723
738
738
754
755
758
761
771
771
779
786
788
791
794
798
799
805
805
812
835
837
837
841
847
848
850
851
854
864
882
891
893
905
915
922
926
930
946
947
953
954
963
964
975
1006
1013
1014
1018
1018
1019
1023
1025
1033
1039
1048
1062
1066
1070
1074
1081
1093
1109
1111
1111
1148
1148
1161
1183
1188
1188
1189
1190
1198
1201
1203
1214
1218
1223
1224
1228
1233
1244
1246
1249
1250
1256
1258
1259
1266
1268
1282
1283
1285
1288
1289
1293
1294
1296
1303
1303
1312
1313
1324
1327
1330
1346
1348
1352
1354
1355
1361
1369
1370
1373
1380
1390
1396
1409
1410
1411
1413
1413
1414
1418
1419
1430
1433
1453
1455
1467
1467
1469
1469
1472
1484
1484
1489
1501
1506
1515
1521
1533
1543
1564
1564
1568
1573
1577
1578
1597
1601
1601
1608
1613
1619
1627
1627
1630
1633
1638
1648
1653
1654
1657
1661
1663
1665
1681
1683
1686
1692
1697
1709
1717
1724
1747
1779
1779
1789
1795
1806
1813
1821
1822
1822
1824
1830
1830
1830
1833
1844
1856
1861
1870
1878
1881
1884
1885
1890
1892
1893
1893
1897
1899
1901
1902
1913
1919
1922
1925
1951
1952
1959
1959
1960
1966
1966
1966
1979
1986
1989
1990
1994
2004
2005
2011
2012
2013
2016
2025
2026
2031
2039
2055
2077
2080
2094
2096
2097
2100
2107
2110
2118
2118
2126
2147
2147
2159
2162
2163
2173
2175
2180
2181
2184
2189
2202
2211
2212
2224
2230
2230
2233
2238
2244
2246
2246
2246
2247
2248
2249
2251
2258
2266
2278
2282
2286
2298
2306
2306
2311
2311
2324
2332
2333
2342
2344
2352
2354
2362
2373
2375
2383
2384
2386
2388
2389
2391
2393
2396
2396
2396
2407
2409
2415
2417
2420
2433
2433
2435
2437
2437
2442
2447
2455
2459
2470
2470
2480
2493
2496
2497
2505
2506
2507
2519
2535
2545
2553
2555
2561
2563
2564
2565
2567
2568
2580
2583
2588
2593
2596
2610
2613
2616
2623
2627
2633
2649
2653
2670
2672
2673
2674
2675
2679
2681
2689
2690
2693
2699
2717
2732
2736
2737
2737
2740
2740
2750
2767
2769
2774
2775
2793
2797
2797
2807
2822
2826
2831
2839
2847
2848
2851
2860
2872
2876
2879
2880
2886
2891
2899
2937
2938
2940
2946
2946
2968
2972
2973
2978
2979
2991
2994
3004
3029
3034
3035
3054
3062
3088
3093
3099
3099
3100
3106
3108
3118
3127
3127
3127
3128
3130
3146
3161
3163
3165
3181
3183
3187
3211
3215
3227
3232
3233
3241
3305
3305
3312
3324
3324
3328
3332
3341
3342
3351
3363
3379
3390
3395
3419
3439
3441
3451
3452
3456
3456
3466
3469
3470
3490
3499
3502
3512
3522
3530
3536
3545
3549
3554
3576
3602
3604
3606
3607
3614
3627
3631
3631
3669
3677
3686
3688
3691
3695
3699
3721
3750
3752
3752
3768
3773
3781
3782
3785
3787
3800
3805
3805
3824
3824
3832
3846
3847
3855
3860
3862
3870
3876
3879
3886
3886
3894
3898
3902
3910
3920
3921
3927
3941
3946
3947
3965
3967
3979
3984
4008
4011
4055
4057
4076
4076
4081
4082
4090
4094
4099
4099
4101
4115
4135
4142
4144
4152
4152
4165
4173
4173
4181
4186
4198
4200
4201
4201
4204
4218
4219
4223
4230
4233
4235
4263
4266
4269
4286
4288
4301
4305
4334
4339
4345
4354
4357
4360
4361
4364
4386
4389
4389
4405
4411
4422
4424
4431
4435
4436
4446
4462
4466
4472
4474
4500
4505
4506
4526
4531
4536
4537
4537
4555
4584
4589
4602
4606
4609
4612
4625
4626
4629
4634
4646
4647
4652
4656
4657
4664
4667
4679
4681
4681
4683
4684
4685
4691
4710
4720
4729
4742
4763
4763
4767
4782
4807
4815
4817
4831
4842
4852
4861
4863
4879
4889
4893
4901
4901
4915
4915
4916
4919
4919
4921
4924
4927
4943
4945
4968
4984
4985
4990
4998
5018
5037
5042
5042
5049
5056
5065
5070
5072
5082
5084
5108
5112
5136
5158
5160
5161
5166
5173
5188
5195
5207
5214
5214
5218
5220
5221
5222
5227
5238
5242
5247
5251
5251
5254
5256
5267
5271
5284
5286
5290
5292
5299
5299
5306
5308
5317
5319
5327
5328
5344
5346
5346
5353
5368
5371
5372
5373
5383
5405
5410
5414
5425
5434
5439
5454
5458
5467
5468
5470
5475
5481
5491
5493
5501
5512
5513
5522
5535
5553
5557
5561
5569
5572
5575
5587
5602
5604
5607
5613
5616
5647
5647
5648
5661
5664
5675
5699
5712
5715
5720
5724
5732
5744
5748
5752
5766
5775
5780
5788
5790
5801
5808
5810
5811
5817
5828
5853
5863
5863
5868
5874
5876
5876
5877
5891
5898
5911
5921
5927
5944
5957
5957
5958
5965
5971
5982
5985
5988
5997
6027
6058
6078
6091
6093
6096
6098
6107
6110
6112
6123
6124
6129
6130
6132
6147
6150
6151
6153
6153
6157
6165
6166
6182
6182
6183
6184
6191
6194
6196
6196
6217
6251
6264
6272
6278
6297
6298
6300
6302
6307
6336
6339
6341
6356
6360
6361
6371
6375
6377
6383
6391
6404
6433
6440
6442
6443
6445
6449
6469
6480
6498
6499
6504
6521
6523
6524
6543
6558
6570
6571
6572
6573
6580
6599
6602
6623
6629
6639
6643
6643
6659
6700
6708
6720
6740
6746
6762
6766
6771
6777
6784
6786
6791
6798
6799
6800
6804
6814
6818
6821
6822
6858
6868
6877
6880
6889
6891
6893
6896
6910
6912
6923
6926
6935
6943
6946
6948
6948
6960
6961
6961
6977
6983
6988
7004
7013
7025
7034
7036
7044
7044
7054
7063
7066
7068
7090
7091
7091
7094
7099
7100
7103
7106
7131
7143
7148
7149
7152
7152
7163
7179
7183
7184
7219
7221
7225
7226
7228
7241
7241
7254
7257
7261
7264
7266
7283
7286
7290
7290
7290
7299
7300
7305
7306
7319
7323
7326
7334
7342
7344
7349
7350
7358
7380
7391
7396
7397
7401
7418
7419
7422
7429
7429
7434
7436
7437
7439
7439
7448
7450
7451
7451
7456
7457
7473
7483
7483
7485
7504
7511
7517
7524
7531
7533
7566
7572
7578
7593
7601
7608
7612
7613
7617
7620
7621
7621
7633
7668
7673
7675
7677
7682
7697
7702
7722
7730
7733
7744
7744
7749
7752
7760
7761
7765
7766
7768
7770
7770
7777
7783
7792
7795
7803
7821
7832
7848
7862
7863
7884
7928
7938
7964
7971
7976
7991
7999
8002
8009
8013
8021
8021
8035
8048
8054
8055
8062
8067
8072
8106
8121
8121
8121
8128
8129
8130
8141
8150
8151
8166
8174
8191
8201
8207
8208
8213
8217
8229
8265
8265
8266
8270
8272
8279
8292
8297
8305
8324
8336
8354
8358
8370
8380
8390
8401
8414
8417
8423
8430
8431
8432
8445
8451
8469
8487
8488
8494
8512
8527
8532
8538
8546
8564
8574
8580
8580
8583
8589
8591
8604
8613
8617
8622
8627
8631
8646
8652
8661
8682
8684
8686
8690
8710
8713
8717
8719
8720
8723
8726
8737
8738
8742
8751
8763
8764
8769
8773
8785
8787
8805
8816
8833
8859
8867
8868
8878
8878
8884
8885
8914
8915
8931
8965
8976
8983
8999
9004
9004
9024
9037
9050
9055
9088
9090
9093
9099
9108
9115
9127
9131
9136
9138
9143
9155
9160
9183
9186
9195
9207
9224
9228
9231
9239
9244
9252
9266
9266
9267
9281
9294
9306
9312
9314
9320
9320
9328
9331
9331
9333
9339
9350
9364
9364
9374
9375
9382
9386
9388
9396
9403
9404
9421
9425
9432
9434
9442
9443
9450
9456
9459
9462
9467
9469
9469
9471
9471
9474
9478
9480
9494
9501
9513
9535
9536
9547
9558
9568
9569
9572
9590
9601
9606
9606
9613
9620
9620
9624
9644
9649
9651
9653
9654
9659
9674
9695
9714
9721
9724
9726
9732
9733
9736
9747
9780
9783
9784
9792
9804
9823
9831
9833
9838
9858
9869
9895
9912
9914
9921
9923
9926
9929
9939
9949
9951
9957
9974
9986
9990
9992
9996
9996
9997
