3
5
17
21
21
34
39
49
60
66
73
73
81
87
95
98
109
115
128
130
131
133
137
143
145
159
165
165
168
173
177
178
179
187
196
203
211
228
236
245
245
254
258
269
279
283
290
291
300
316
322
324
329
335
339
346
349
354
370
374
381
388
389
393
401
403
405
413
414
419
421
422
423
430
439
441
448
451
462
465
466
470
478
479
484
485
488
488
489
495
496
504
509
514
521
525
526
537
542
552
557
557
561
573
577
587
614
622
623
667
674
685
689
691
700
709
709
713
722
725
728
729
735
742
743
745
755
763
769
785
795
800
808
812
814
821
827
831
833
844
848
848
857
857
864
873
874
883
908
911
936
946
948
952
954
956
958
973
974
974
974
979
986
990
1000
1007
1013
1016
1016
1020
1021
1028
1028
1029
1033
1044
1045
1050
1079
1091
1104
1109
1115
1116
1125
1130
1132
1146
1151
1152
1153
1160
1161
1163
1171
1179
1189
1192
1193
1193
1193
1197
1199
1202
1208
1209
1211
1213
1231
1239
1247
1247
1248
1251
1252
1254
1261
1274
1275
1287
1287
1298
1307
1311
1317
1327
1329
1333
1339
1341
1342
1346
1351
1354
1356
1368
1379
1388
1399
1401
1406
1414
1418
1420
1423
1442
1444
1445
1452
1457
1463
1464
1465
1475
1485
1485
1486
1491
1493
1496
1496
1501
1509
1511
1520
1535
1539
1543
1550
1550
1551
1551
1561
1563
1565
1568
1572
1576
1582
1616
1621
1623
1629
1633
1636
1638
1639
1642
1651
1689
1690
1694
1697
1698
1702
1712
1717
1717
1722
1735
1753
1759
1763
1764
1767
1778
1785
1792
1796
1804
1808
1814
1818
1823
1825
1833
1834
1840
1843
1846
1847
1857
1864
1865
1867
1878
1882
1882
1886
1888
1891
1900
1906
1907
1910
1915
1918
1936
1938
1945
1950
1958
1965
1966
1966
1969
1971
1977
1981
1984
1989
1996
1997
2004
2009
2014
2016
2016
2019
2019
2019
2020
2022
2026
2030
2033
2033
2037
2039
2048
2056
2080
2090
2093
2095
2097
2098
2101
2101
2121
2122
2133
2142
2147
2158
2159
2162
2168
2168
2171
2175
2187
2187
2192
2201
2204
2205
2223
2227
2239
2241
2253
2258
2262
2264
2275
2276
2281
2282
2285
2292
2297
2303
2304
2307
2315
2327
2338
2341
2342
2352
2356
2358
2358
2362
2363
2363
2374
2375
2380
2383
2393
2401
2402
2404
2424
2425
2433
2443
2458
2460
2463
2469
2470
2472
2473
2476
2479
2487
2490
2497
2502
2509
2512
2516
2517
2524
2525
2526
2527
2527
2536
2536
2539
2552
2557
2563
2563
2580
2580
2581
2582
2584
2586
2605
2613
2618
2631
2637
2639
2651
2665
2671
2679
2694
2708
2712
2718
2720
2742
2761
2764
2773
2790
2798
2803
2810
2815
2819
2832
2841
2849
2863
2866
2874
2876
2878
2886
2902
2907
2932
2939
2945
2955
2956
2963
2983
3007
3008
3010
3027
3033
3035
3043
3046
3056
3064
3073
3079
3094
3095
3104
3124
3137
3138
3175
3175
3180
3185
3196
3199
3202
3212
3229
3241
3242
3245
3251
3257
3257
3274
3281
3283
3286
3287
3291
3300
3329
3335
3339
3346
3348
3356
3375
3376
3391
3401
3450
3464
3468
3495
3498
3513
3514
3528
3528
3533
3539
3541
3555
3557
3566
3588
3589
3589
3595
3598
3600
3609
3623
3633
3642
3645
3646
3656
3674
3688
3697
3699
3727
3734
3765
3779
3779
3781
3789
3802
3807
3811
3818
3822
3831
3834
3839
3846
3851
3869
3871
3874
3874
3879
3886
3887
3895
3903
3907
3912
3914
3917
3923
3925
3929
3932
3935
3951
3955
3957
3959
3965
3970
3971
3976
3976
3983
3998
4000
4009
4012
4018
4025
4028
4030
4034
4034
4038
4040
4057
4070
4071
4073
4078
4086
4105
4109
4145
4148
4167
4171
4184
4191
4192
4205
4207
4211
4215
4217
4218
4219
4226
4231
4237
4245
4246
4255
4260
4262
4268
4274
4278
4285
4298
4331
4333
4346
4351
4354
4378
4395
4396
4403
4430
4431
4441
4442
4448
4450
4457
4467
4470
4485
4487
4501
4504
4507
4511
4511
4514
4516
4522
4534
4543
4551
4554
4563
4563
4580
4585
4606
4608
4610
4628
4631
4647
4678
4689
4694
4729
4733
4733
4741
4752
4761
4768
4770
4777
4781
4781
4783
4790
4794
4798
4805
4808
4808
4820
4826
4848
4856
4861
4870
4873
4874
4883
4887
4897
4900
4902
4943
4946
4950
4951
4965
4969
4969
4972
4990
4994
4997
5009
5011
5020
5028
5032
5063
5067
5068
5072
5075
5077
5087
5087
5089
5092
5098
5103
5112
5117
5117
5126
5147
5179
5204
5212
5215
5219
5230
5237
5249
5258
5261
5265
5287
5298
5305
5311
5318
5320
5331
5345
5359
5366
5369
5372
5372
5374
5376
5377
5382
5384
5386
5397
5399
5412
5415
5424
5435
5439
5442
5451
5453
5454
5457
5474
5496
5502
5503
5530
5530
5536
5538
5544
5545
5551
5554
5566
5571
5592
5615
5616
5624
5625
5626
5634
5635
5662
5672
5672
5708
5723
5737
5749
5758
5772
5773
5774
5779
5780
5787
5798
5799
5808
5822
5827
5837
5854
5855
5858
5866
5866
5871
5875
5877
5880
5886
5888
5893
5914
5915
5916
5920
5922
5943
5946
5947
5949
5950
5957
5960
5963
5964
5967
5973
5975
5981
5988
6007
6009
6010
6022
6022
6024
6026
6039
6058
6061
6072
6072
6085
6086
6091
6098
6104
6107
6118
6120
6133
6137
6140
6143
6144
6158
6165
6169
6187
6188
6199
6203
6228
6236
6248
6250
6255
6262
6282
6284
6284
6310
6312
6317
6330
6347
6347
6350
6354
6370
6385
6386
6387
6389
6393
6416
6421
6422
6438
6441
6455
6461
6463
6467
6469
6475
6484
6485
6485
6487
6491
6498
6498
6513
6515
6534
6537
6538
6540
6552
6556
6556
6561
6563
6578
6582
6604
6617
6646
6652
6654
6679
6683
6686
6697
6699
6715
6721
6742
6742
6744
6745
6747
6777
6781
6788
6795
6797
6814
6831
6834
6842
6847
6852
6867
6877
6891
6902
6916
6917
6940
6958
6963
6974
6978
6986
7004
7028
7035
7065
7066
7073
7074
7078
7080
7084
7105
7117
7117
7123
7131
7144
7163
7174
7180
7191
7205
7209
7222
7225
7231
7234
7242
7247
7251
7252
7262
7279
7291
7303
7308
7317
7338
7342
7347
7360
7368
7370
7373
7396
7409
7413
7434
7436
7441
7446
7453
7455
7458
7470
7470
7473
7474
7474
7476
7480
7502
7511
7531
7536
7551
7563
7565
7575
7579
7579
7585
7593
7599
7604
7607
7626
7632
7633
7635
7639
7649
7656
7661
7676
7683
7684
7692
7693
7741
7745
7749
7754
7755
7758
7765
7767
7769
7772
7792
7794
7797
7809
7810
7822
7830
7834
7844
7851
7858
7869
7877
7899
7902
7906
7908
7916
7929
7931
7934
7937
7941
7944
7981
7982
7985
7990
7991
8010
8015
8017
8024
8028
8031
8034
8045
8056
8056
8058
8085
8094
8098
8101
8123
8126
8129
8138
8143
8146
8172
8183
8189
8207
8211
8227
8253
8259
8260
8272
8290
8293
8312
8317
8324
8331
8331
8333
8346
8353
8354
8354
8363
8371
8373
8384
8384
8387
8392
8397
8409
8414
8432
8436
8445
8448
8453
8457
8463
8464
8478
8494
8496
8503
8513
8525
8525
8526
8534
8540
8542
8544
8553
8557
8566
8575
8587
8590
8594
8599
8613
8617
8617
8618
8619
8625
8632
8635
8636
8660
8665
8672
8678
8678
8715
8715
8717
8743
8765
8769
8769
8778
8778
8792
8794
8799
8805
8836
8841
8842
8852
8853
8856
8867
8902
8923
8929
8930
8933
8934
8938
8940
8958
8961
8962
8962
8962
8972
8986
8987
8987
8989
9000
9013
9017
9027
9029
9029
9036
9066
9072
9082
9090
9119
9120
9133
9141
9144
9149
9155
9190
9212
9213
9231
9248
9249
9255
9260
9260
9270
9278
9281
9285
9290
9298
9299
9299
9311
9316
9319
9325
9337
9341
9342
9344
9353
9353
9358
9396
9396
9398
9404
9413
9455
9455
9455
9469
9474
9477
9478
9490
9491
9503
9506
9508
9510
9523
9527
9535
9542
9554
9557
9562
9562
9564
9579
9582
9586
9595
9600
9605
9607
9626
9629
9640
9652
9673
9673
9675
9680
9689
9693
9703
9720
9726
9750
9777
9783
9786
9794
9796
9800
9800
9830
9842
9846
9852
9865
9866
9877
9892
9908
9908
9914
9917
9926
9940
9945
9954
9971
9976
9980
9982
