3
4
5
9
14
15
15
27
29
29
30
40
41
45
46
57
59
66
71
73
81
88
95
113
119
128
129
133
138
174
186
201
207
216
226
231
235
243
254
259
266
280
288
300
301
308
309
309
312
315
315
321
325
335
337
339
342
345
346
355
355
363
371
375
377
394
394
396
400
405
406
406
408
409
412
414
415
417
428
434
440
440
441
443
447
476
478
492
496
497
500
503
508
521
521
523
534
541
551
552
565
580
583
584
590
593
599
608
608
614
626
641
649
649
651
654
669
670
676
685
689
714
719
726
732
738
740
745
750
751
755
756
774
786
808
812
818
819
841
843
851
854
855
863
865
867
877
882
886
889
890
890
895
906
932
942
950
957
960
964
986
990
995
996
1007
1009
1012
1033
1040
1044
1049
1065
1066
1074
1085
1097
1099
1105
1117
1117
1117
1117
1125
1128
1130
1134
1134
1142
1145
1145
1155
1156
1159
1165
1168
1176
1178
1179
1180
1182
1186
1187
1196
1200
1202
1210
1222
1223
1229
1231
1232
1235
1239
1241
1241
1246
1259
1278
1278
1297
1302
1304
1307
1312
1319
1329
1350
1350
1360
1363
1367
1368
1378
1379
1399
1414
1425
1443
1454
1461
1466
1466
1478
1483
1487
1488
1494
1501
1502
1508
1511
1516
1517
1525
1530
1531
1532
1533
1536
1541
1542
1546
1561
1563
1565
1565
1570
1585
1587
1601
1621
1625
1629
1645
1645
1646
1650
1664
1667
1668
1669
1671
1674
1680
1698
1707
1711
1714
1719
1720
1721
1722
1730
1731
1748
1749
1750
1751
1753
1754
1761
1767
1772
1772
1780
1787
1791
1810
1811
1812
1819
1823
1850
1859
1860
1866
1876
1889
1903
1908
1909
1912
1915
1924
1929
1942
1952
1954
1956
1956
1956
1958
1964
1967
1968
1970
1970
1970
1971
1985
1990
1993
2003
2006
2013
2028
2028
2030
2034
2034
2037
2038
2050
2058
2059
2067
2068
2069
2071
2075
2079
2079
2082
2084
2084
2103
2108
2109
2127
2129
2131
2132
2138
2143
2145
2147
2147
2152
2171
2180
2182
2183
2189
2214
2226
2231
2232
2249
2249
2255
2260
2273
2279
2281
2281
2288
2293
2296
2312
2314
2337
2345
2351
2352
2356
2364
2369
2370
2372
2374
2374
2378
2382
2388
2392
2401
2402
2414
2419
2432
2442
2448
2455
2456
2484
2506
2509
2510
2510
2519
2520
2521
2527
2528
2528
2529
2542
2552
2552
2557
2569
2572
2576
2578
2578
2581
2582
2585
2595
2596
2597
2599
2601
2611
2621
2625
2636
2637
2642
2649
2654
2657
2670
2671
2674
2677
2679
2682
2683
2683
2687
2689
2692
2698
2698
2706
2711
2712
2718
2719
2724
2725
2742
2746
2746
2754
2759
2766
2775
2777
2778
2779
2780
2791
2801
2802
2813
2817
2830
2834
2841
2847
2860
2861
2868
2886
2887
2891
2898
2903
2906
2935
2939
2949
2954
2959
2974
2979
2987
2989
2993
2997
3004
3006
3007
3007
3017
3018
3019
3024
3035
3062
3074
3081
3090
3112
3122
3123
3141
3141
3149
3166
3172
3172
3176
3177
3181
3200
3201
3213
3228
3238
3241
3247
3249
3256
3267
3271
3276
3286
3301
3306
3311
3324
3329
3364
3377
3381
3383
3386
3388
3400
3412
3420
3424
3425
3425
3428
3436
3441
3488
3489
3495
3499
3501
3512
3523
3526
3540
3558
3566
3569
3580
3588
3593
3595
3597
3599
3608
3609
3609
3630
3635
3640
3641
3644
3672
3677
3686
3688
3689
3694
3707
3711
3732
3736
3740
3741
3745
3757
3765
3766
3773
3788
3806
3809
3839
3850
3851
3871
3873
3873
3877
3880
3880
3894
3915
3916
3938
3960
3965
3968
3971
3984
3984
3986
3991
3991
4026
4030
4037
4040
4045
4045
4045
4046
4050
4072
4088
4091
4092
4125
4130
4133
4152
4152
4155
4158
4161
4164
4174
4174
4176
4180
4181
4189
4192
4213
4227
4233
4244
4250
4253
4261
4262
4265
4267
4270
4271
4272
4279
4284
4290
4294
4297
4299
4309
4320
4325
4335
4336
4344
4348
4350
4350
4352
4364
4377
4379
4383
4385
4392
4401
4414
4414
4421
4422
4446
4447
4449
4469
4489
4495
4513
4514
4518
4519
4520
4523
4529
4534
4549
4556
4558
4559
4565
4577
4584
4584
4599
4601
4609
4613
4634
4636
4638
4644
4647
4655
4659
4662
4668
4671
4673
4678
4689
4698
4706
4724
4732
4736
4740
4749
4761
4810
4813
4824
4832
4843
4845
4880
4883
4890
4891
4892
4912
4922
4925
4927
4929
4933
4949
4955
4957
4966
4972
4973
4975
4994
4998
4998
5004
5004
5007
5015
5041
5045
5055
5055
5061
5080
5081
5082
5100
5130
5141
5143
5157
5163
5173
5186
5192
5194
5195
5198
5200
5206
5207
5215
5217
5221
5223
5232
5235
5241
5251
5264
5266
5266
5278
5299
5300
5307
5321
5321
5323
5327
5328
5343
5347
5355
5364
5365
5366
5371
5383
5385
5398
5405
5425
5431
5455
5458
5459
5469
5469
5473
5480
5481
5492
5493
5493
5501
5510
5519
5524
5526
5541
5551
5557
5568
5570
5574
5587
5589
5596
5598
5600
5600
5626
5632
5636
5640
5665
5669
5670
5672
5676
5682
5682
5683
5686
5693
5707
5709
5730
5738
5739
5752
5771
5777
5781
5786
5787
5797
5800
5802
5805
5806
5807
5813
5819
5819
5827
5832
5834
5842
5868
5883
5906
5911
5911
5927
5933
5942
5943
5945
5956
5980
5984
5992
5993
6001
6021
6035
6037
6051
6052
6055
6071
6072
6081
6090
6092
6096
6097
6106
6108
6109
6110
6125
6128
6161
6163
6176
6185
6186
6191
6194
6203
6212
6218
6220
6225
6247
6247
6247
6249
6250
6261
6265
6269
6275
6282
6286
6309
6332
6344
6347
6360
6371
6372
6380
6398
6411
6417
6419
6427
6428
6438
6448
6449
6457
6457
6464
6486
6492
6492
6539
6540
6549
6549
6558
6560
6563
6570
6572
6584
6589
6601
6611
6624
6643
6646
6649
6657
6669
6709
6720
6726
6731
6732
6738
6754
6764
6768
6781
6800
6808
6814
6814
6818
6834
6840
6843
6856
6862
6865
6870
6884
6888
6891
6897
6902
6903
6904
6911
6911
6915
6933
6939
6944
6948
6962
6979
6987
7003
7007
7033
7035
7054
7065
7068
7069
7081
7081
7086
7105
7105
7114
7117
7117
7138
7139
7145
7148
7148
7153
7157
7157
7160
7163
7169
7184
7186
7195
7198
7210
7218
7232
7261
7269
7276
7279
7284
7285
7304
7305
7310
7330
7335
7336
7346
7352
7361
7375
7376
7387
7395
7402
7411
7432
7437
7440
7445
7449
7451
7455
7460
7465
7480
7483
7519
7529
7542
7549
7555
7570
7583
7604
7605
7609
7609
7614
7622
7639
7647
7654
7662
7669
7671
7675
7688
7701
7701
7703
7705
7707
7714
7715
7720
7720
7737
7741
7746
7757
7758
7758
7760
7760
7803
7821
7825
7827
7831
7833
7841
7844
7850
7852
7867
7868
7872
7884
7887
7889
7889
7892
7894
7900
7910
7915
7951
7954
7965
7974
7987
7992
7998
8001
8003
8007
8008
8018
8020
8020
8039
8040
8040
8050
8050
8053
8056
8060
8062
8063
8066
8072
8077
8085
8095
8123
8125
8131
8137
8142
8144
8147
8153
8154
8157
8185
8192
8195
8203
8213
8216
8217
8218
8221
8222
8224
8232
8250
8256
8269
8277
8278
8280
8281
8289
8290
8300
8302
8313
8314
8333
8338
8351
8362
8365
8365
8372
8373
8381
8389
8393
8393
8411
8418
8419
8421
8430
8434
8435
8439
8446
8446
8447
8460
8472
8483
8489
8490
8499
8504
8509
8509
8525
8543
8551
8569
8570
8595
8610
8612
8613
8619
8630
8643
8644
8650
8654
8657
8670
8680
8680
8682
8682
8712
8718
8719
8728
8730
8734
8747
8775
8785
8804
8808
8812
8822
8833
8839
8848
8862
8868
8880
8893
8893
8906
8925
8939
8949
8963
8966
8979
8995
8997
8998
9004
9004
9010
9016
9024
9035
9038
9039
9062
9066
9095
9100
9102
9106
9110
9129
9172
9177
9184
9190
9222
9224
9229
9232
9238
9254
9255
9260
9261
9266
9267
9270
9278
9279
9284
9306
9308
9316
9316
9320
9321
9333
9336
9341
9349
9354
9355
9357
9365
9371
9389
9389
9392
9392
9392
9401
9407
9416
9418
9436
9439
9450
9452
9459
9467
9470
9472
9495
9498
9501
9508
9511
9522
9524
9529
9538
9541
9564
9565
9568
9574
9580
9581
9606
9614
9664
9676
9678
9684
9704
9722
9745
9748
9751
9751
9770
9772
9783
9787
9790
9827
9846
9855
9856
9858
9862
9873
9877
9881
9883
9902
9907
9935
9941
9950
9967
9979
9982
9988
