45
2898
5600
7285
8192
670
8747
774
3873
9783
1915
1012
8060
5805
6904
2860
8509
1629
8085
1517
5781
719
4558
7455
2637
375
7868
7987
66
1117
3569
1125
4994
9950
5080
7138
7998
3609
6939
5192
5469
732
3597
2131
1182
2337
503
4655
5693
5081
5669
2572
2364
7884
4613
3732
3986
6265
3608
4514
4350
4513
6309
3081
414
5082
8095
1541
2780
8472
7148
895
6186
6001
4335
2596
1667
2455
4290
726
2578
9941
1443
4155
9538
1145
497
886
3688
2578
5827
1908
6072
8439
5819
4447
9222
7720
9495
5221
3773
6372
1454
2611
4489
2249
1748
2679
5206
46
8657
8569
2084
5636
5797
2079
5771
2698
1516
4732
207
7654
2147
440
9238
6781
6948
5493
2657
1751
1360
1222
9439
9508
4706
3383
8839
590
7915
2649
266
1767
5682
1231
2677
6052
8039
1074
9524
889
2520
5541
2006
3694
9102
7609
9541
8966
9004
6492
1952
6601
1307
2585
5473
8995
1753
9024
7703
5992
2143
2778
851
1502
4673
1750
8362
7844
3019
4180
2034
5143
5587
812
321
7352
7086
9229
2674
6109
9606
7714
29
3386
8644
9581
339
4261
1903
4265
2314
6800
4824
8880
9881
8680
6021
400
4832
7671
2813
1671
6220
4891
8338
3588
8072
9745
5405
2802
2642
409
8062
4973
8123
1533
995
2484
8040
9190
4
2145
8365
2442
5264
5683
8595
7186
6261
7449
552
9416
2273
9357
6090
1246
81
6911
9267
301
1680
1368
7910
2979
1993
2997
4698
4927
7662
1561
1501
441
906
5707
4320
9574
8314
1772
2683
3677
5787
3172
3984
2510
6247
1971
7336
863
8434
8280
2369
2903
5217
5198
1399
3247
6247
371
8217
226
6269
9855
1956
7440
9459
5223
8643
2082
6051
1876
3381
4810
1134
608
3593
8063
6814
5323
8421
3172
2706
740
300
6979
867
7335
7114
5100
133
1823
7145
6856
8893
7639
7867
1302
7741
964
2569
9392
6097
9035
1924
4469
2692
30
7841
8278
8822
9684
583
2058
7746
7330
7065
6417
6249
5278
750
5194
8499
396
2718
5933
7614
7954
7701
8682
7831
3201
1791
2621
7757
3523
1232
2084
9770
1707
5195
4267
4352
2557
9511
4176
1176
5551
1130
7872
7900
2071
3540
186
3424
6360
626
6884
7279
8300
7148
9010
4577
4975
7542
1196
5883
8381
2542
4309
7218
5911
6888
5459
5480
9751
3672
6185
9529
8446
8185
8001
6212
755
1178
3960
2528
2759
9333
3595
9967
1720
216
3400
2830
6558
8289
1772
2552
3880
1546
2260
9883
5686
8613
8509
9827
1542
4299
1970
3200
6286
9467
689
492
1601
2127
5945
7889
9862
7305
5493
3301
8483
2597
4050
7437
8221
9722
1007
5383
3062
2249
5365
9846
4072
8833
4534
9472
5425
9856
957
1494
9341
669
5364
2817
2109
394
27
1587
714
5777
6464
6584
8862
9982
2075
7707
3007
308
15
6457
3428
346
280
9184
8570
8785
2959
6492
4446
6037
4262
9260
654
3024
3141
3580
5321
6128
2861
1241
41
440
394
4668
8670
6380
6903
8490
1186
1278
996
7850
8018
7069
890
2746
9450
4161
443
5738
1646
1304
1312
1350
3267
2226
6218
9316
4279
6108
1105
3388
6428
2529
6709
2402
2636
7483
2419
4634
259
1099
7833
4414
7105
5343
6624
8153
2528
6194
3640
2059
4523
9664
1536
7068
1909
2281
5709
7647
9255
3256
1414
8418
7376
7737
2068
4636
6572
1754
8050
990
8808
8232
4414
8224
960
9172
1367
1942
5300
580
6438
4761
8893
4040
3276
6808
5163
6110
1044
651
521
8804
7675
5640
5927
4529
355
676
751
428
4912
6862
1565
1145
7395
4133
2625
1478
9004
1731
8040
8551
5492
1466
2255
5665
8730
7105
7760
4949
6106
3176
1117
8447
9316
9902
9580
6911
5455
5371
2671
6427
2432
9873
1570
5526
6203
6987
5141
9038
8963
2372
6560
5802
7460
4250
4880
3004
1787
8351
2742
7261
325
73
8543
6191
7451
6055
1379
7803
9568
6344
8147
3757
4495
2103
1866
5385
4724
6096
3238
2003
5130
5942
5589
3566
8997
7965
2581
1749
9100
7081
3149
1511
4813
649
5842
4957
1508
6176
4364
5670
3809
129
4678
882
7758
5626
2725
3641
6843
1850
5501
4379
6933
4519
942
309
3991
4689
88
5906
4556
3689
9254
6161
8998
9751
3286
5980
8142
2345
6035
4518
7604
7117
8077
3495
1650
8066
1645
1531
1990
786
6657
1859
8256
2954
2887
1722
9095
9270
5984
1168
7583
7480
1329
9676
6768
2232
3916
496
1241
2180
9436
7269
2069
9389
3074
59
7284
8728
1669
288
6818
523
2521
5676
2987
3324
1698
1812
3741
3788
4998
3228
2067
534
2414
521
7549
2939
8003
1425
231
7760
7609
5157
9401
6250
5481
1810
4088
5235
8610
2834
5215
3141
593
4297
551
3249
415
3499
9039
3090
174
6092
4662
3241
9
7157
2456
1180
5819
3
6225
1165
8053
6646
3488
5321
5570
7210
8718
6891
7198
3177
1066
3489
1142
3412
7605
2038
6539
8020
4421
2028
1780
2682
2028
2138
7157
8050
3686
7346
406
7465
8654
14
1040
201
8213
8680
841
1954
5061
1319
476
7007
6570
3644
2754
1487
5266
7310
3112
3839
6540
9907
5632
7003
819
4845
4130
1664
2356
7974
9261
6732
4174
843
2382
4284
235
1179
9877
7276
9772
7825
1483
2791
2841
1229
7387
2527
5730
8372
406
2189
9284
4350
6457
4749
4922
3441
3968
9232
7892
685
5431
1811
6669
4045
2351
7361
8979
4892
4638
8868
6738
4030
7720
1761
9306
2777
854
9452
113
2847
1461
5993
9308
7432
71
7153
3765
2775
6944
6449
4181
7555
1956
8393
5568
8925
8446
7894
8333
4671
3707
738
8157
2013
2231
6840
7081
8682
3425
3501
614
40
6549
6486
3271
1235
3971
7139
8460
4925
3329
4549
649
3436
9106
7715
1985
335
3711
4348
2182
5366
4584
5806
2374
3850
8056
2034
8365
8250
8144
363
5574
7570
5943
2132
5055
3377
1200
8712
1210
1970
6163
9224
8411
405
4383
2698
5347
3122
1187
5186
2724
6282
312
5307
1585
4392
5469
5807
4271
6332
2510
4046
7195
7519
2683
4164
4091
3166
2030
337
355
1530
2949
8939
4125
3311
3599
119
2312
9365
8373
1645
8302
5041
8389
7705
2448
8489
1967
3851
4227
5004
9564
243
6589
1964
4270
8277
7033
8222
9501
4933
865
5682
9498
4929
9988
4233
4253
128
6764
3915
8313
6643
1117
950
1860
1466
3306
8218
3364
7402
4890
1889
2352
4644
5956
5752
3745
2935
4998
7852
1117
9279
1085
9278
541
2886
4344
8020
9389
6731
8131
8848
1278
4189
2281
4401
3766
2279
9129
8430
7160
2152
7375
9062
5598
1259
6411
3736
4152
9371
7411
9678
2687
3526
3213
1625
4659
4045
9392
9522
2050
8393
7529
9016
309
2746
1223
1929
4377
4152
1033
1202
6398
9336
3880
5834
7889
3006
4609
7992
2989
508
932
3007
1714
4449
1134
342
9355
6870
6247
818
6962
808
4385
9266
2906
8007
4599
1155
3965
2779
5672
8612
1350
4647
5519
2595
6726
3894
9979
599
6071
3123
2214
5458
1239
4972
8734
4736
2129
7054
4336
3984
2712
5207
5355
8906
4883
8435
9066
4158
2801
9392
9704
8281
5055
9320
1721
8650
2378
9614
3635
9177
8125
138
2374
9110
1532
3558
2670
5200
1563
5832
315
3871
4026
57
4325
5557
3740
5266
5739
5786
1156
6915
9787
2288
5015
1819
6371
6081
7887
8630
5004
3035
4966
15
3609
8812
95
4213
2370
8269
2388
1668
5299
5328
6720
1049
7951
1297
2519
4192
4045
890
4843
9354
2576
2711
4272
608
6125
2506
756
9407
745
9790
6865
3991
7035
3873
5510
9858
1719
1565
417
254
1488
434
1065
9418
2891
8203
8719
6448
641
8775
1363
2401
1956
7169
5868
1378
412
5
9565
408
4740
1525
4092
7758
2079
1912
2509
1730
4601
9935
377
5596
2766
4037
4559
3630
5800
1128
8154
500
2183
4294
986
4520
4584
2201
7304
8137
345
3425
6275
2868
6419
315
9690
2552
5398
5007
6902
8290
447
2689
855
617
3018
8216
3017
2147
565
7688
1097
2037
2557
2293
6754
4174
7117
8195
1621
3806
2582
4847
9470
5251
6897
1009
1159
6834
877
8008
6192
5232
5911
7445
9349
9321
1674
7821
3938
662
6611
4422
5045
2296
8419
7622
1711
2599
6212
7232
1861
2392
6549
6347
6649
478
5600
5687
1541
9071
5173
2993
3420
6563
2108
3512
6131
4632
2618
7701
364
3181
7827
8949
5813
9740
6427
2362
584
8259
8525
8619
5524
6814
6133
2777
8083
5327
9186
1970
3877
4955
2171
4812
8855
7975
1238
8508
4244
555
2507
7163
5338
2627
869
6120
901
65
3237
1359
1958
6846
7943
2747
2882
1082
7991
1755
6816
2719
1540
9162
5669
8491
4071
8314
2772
5161
7184
4515
1187
11
7997
3829
3589
3004
2392
5241
3350
7272
2734
3921
562
9595
1121
6152
9748
885
8778
9818
3117
1119
9317
2117
2729
2601
1986
2807
8209
2127
3835
3609
2773
7006
2974
9774
3701
6
6282
3934
3432
4286
4346
7669
2209
2201
4715
6454
3622
1918
2381
4587
29
1761
9177
5681
9786
8520
2574
3139
2670
4565
7845
640
9272
7234
6866
7079
403
2096
1968
1504
1418
2341
1959
7454
4400
5895
5383
8504
7545
957
5455
912
5051
337
5003
1933
2654
4713
2491
6930
1965
940
8642
457
8187
1930
3559
593
9507
7738
563
8343
350
2672
2229
2581
176
6372
9781
1608
1790
8152
7430
8098
1228
855
8995
5723
1603
9641
5621
3490
6367
2485
114
7909
5330
4014
9708
7935
8514
5397
4266
989
499
8201
9041
7899
9807
7639
1796
3386
6626
7512
2190
3767
8827
6234
9495
9129
4134
1772
4166
7666
3376
2124
6143
2305
8199
7493
1971
5643
468
6307
4191
7060
4907
2934
1825
1032
6338
2616
8082
5918
5098
4727
3620
9997
894
7712
8703
7000
8830
2338
9237
4309
8803
3862
6158
8492
7068
8060
7004
1337
8408
6161
9767
8636
1075
2563
4464
8511
39
2538
5298
4052
7474
8262
1149
8866
7698
3752
506
4187
423
4261
7494
5495
152
3392
4046
1322
7749
6950
8693
9865
9836
3423
4880
7796
9272
2781
3616
732
8408
5870
101
7096
1256
9351
8662
5225
9510
45
8785
9995
1951
1547
5591
6076
461
1949
9233
2871
7741
9854
3695
537
7794
9327
6185
2159
5314
367
8708
7000
7261
1075
6373
2670
5027
6460
2816
3921
6602
599
2972
2046
3688
9889
187
8129
7232
5225
2834
7989
89
8010
8664
971
2552
2340
340
3803
6699
5468
856
2165
6868
3845
3545
5623
3517
5279
267
9805
2017
1105
6951
2418
8674
524
5164
3733
6278
4456
7048
1527
2290
7109
261
475
4382
5379
4000
4807
6470
2093
6714
1076
7500
8188
5501
5264
9768
4274
7671
2184
8794
29
7378
5960
4412
6370
9953
508
7871
5333
218
2789
159
8386
2368
6669
6326
5224
3823
21
4898
5933
5712
5811
9428
9795
8898
6440
4051
7449
8916
5907
1665
3062
912
1979
6712
1435
8438
531
2282
9093
7314
9398
1194
306
4414
1633
8655
4796
923
1522
5025
8225
1735
8450
2924
7132
394
4003
2179
7728
657
5823
6442
4210
4206
868
5847
4183
7277
8653
7008
4200
6680
3433
8439
8559
284
215
1641
2559
7498
4161
4351
4660
8667
6612
1029
1432
3872
29
8880
3573
2321
4012
3396
1939
3919
1933
9317
307
3125
4182
638
6345
7742
9741
2166
4383
9406
4493
8324
2519
7434
2786
5917
3702
8709
2376
6785
5616
5991
2140
7198
8991
7794
5322
5569
9167
1166
7251
164
1041
9868
4737
7896
6764
7159
403
5414
6240
125
9317
6205
7597
4618
9475
9996
9357
204
5049
7693
3693
6177
9641
176
6903
964
4602
463
9904
8143
4446
1430
2077
6934
2397
1829
3921
1587
266
5686
2595
7408
3995
1099
9029
8476
6308
9630
1777
8120
5022
6796
1353
8316
4613
8081
1317
1255
3932
8345
9841
8739
2823
614
4652
8209
2010
2704
3507
4909
1409
8794
1911
2371
8917
504
5279
2895
905
2319
7738
803
1603
1592
7060
6294
7447
1188
5151
2554
5388
5032
7441
6837
2
760
7229
349
5656
6337
9530
3785
8681
9466
2652
1671
3392
234
2039
7301
2572
3875
162
7678
9640
666
2052
9538
4678
9765
9643
1518
3822
8023
3941
1866
834
4908
5500
11
8184
7456
4912
4870
4162
3518
511
1964
2268
5017
3316
2810
6160
1799
283
5404
3986
5975
2018
1935
3928
6857
3256
2033
4081
360
5031
7711
1854
561
702
1079
1673
1874
3658
2049
2700
1219
9493
9906
7623
7895
4801
8848
9288
9132
6565
7865
3944
6105
8194
140
7273
2735
4454
6296
1017
2313
1949
1029
3453
758
1297
212
8199
7091
8689
7522
6373
5611
5293
9383
4308
1913
2188
9302
8493
3376
7474
1719
9907
8555
9046
3582
9564
439
4471
5423
1163
4155
386
1247
4940
5771
5749
6835
5384
6149
4013
9631
2803
1423
6373
9824
4400
111
9482
829
4167
343
8700
6392
8413
3597
265
3374
2881
7469
6230
6070
7684
8926
1576
6709
1164
8644
2522
4837
5307
9320
2550
578
1295
7240
1198
2343
5520
7217
2378
2854
5616
304
4251
3000
7080
7043
314
6173
2070
6869
3736
7666
7115
6899
3985
2385
9743
6875
81
872
2817
9645
8305
1474
6700
563
8230
9137
6976
9046
9337
9265
7690
3530
7047
970
7987
3623
430
1408
1983
8909
2683
1324
4307
8345
3305
6618
7217
6279
4117
8826
7220
4626
6974
4518
3868
1660
8706
4094
6387
5869
1597
3948
2469
293
1097
6958
5984
9149
1846
2963
1925
6633
1533
6471
4107
3534
770
1607
1205
1583
8637
5356
6138
75
9790
827
4876
805
8318
1097
3061
7955
2077
3558
7570
863
2090
4851
5921
1123
4713
7495
9518
7538
1522
6995
1367
8279
4845
8465
6554
1373
9333
9890
1648
719
9675
7055
1803
3810
5530
6804
1847
5578
4784
7523
2303
8282
5720
1305
7103
5356
5810
1662
6840
7439
8343
2322
8163
7311
3993
6623
2575
376
4671
3542
8600
5145
636
9859
2269
8174
1577
644
7594
1779
5412
9729
1516
2823
5994
205
7152
9349
828
9347
5969
3836
3231
3566
6574
6441
3908
2735
6886
4407
5884
5740
9073
852
1135
5898
8352
4171
2151
3729
5153
6828
5194
6833
59
7526
1376
979
5376
3374
5460
7210
1756
9770
1879
156
4222
3170
8595
7916
1566
965
5893
3140
7916
5340
4094
1827
2132
4841
8487
8258
3830
3769
9823
2720
10
9892
4787
284
2165
3244
941
1905
1819
5515
2749
1520
412
540
976
4365
8693
3092
8706
9628
7206
7193
6290
1530
1228
3226
9050
2577
1246
101
536
6816
8990
2964
233
2005
4055
3686
8505
2860
2696
1339
9849
5999
9994
1594
5057
5967
5889
1061
16
1861
1795
1142
647
4437
2176
6827
9532
1654
9478
8864
3023
3010
3535
9782
3406
2799
8668
515
1077
1190
2006
285
3329
5794
7818
3830
6530
6609
2459
5140
1056
9266
3759
227
5626
1661
5368
5915
8397
3832
607
334
8520
728
1265
7847
5542
9322
8081
4001
2659
3551
1828
9852
9966
2019
8734
292
1090
5717
3254
1146
7518
187
7948
7489
2464
5402
111
6303
9651
8538
9479
7549
2721
1084
7029
203
2335
5461
4373
4416
8945
9371
7012
5856
2682
6873
2048
4022
2741
7177
3123
3804
641
9593
9212
432
9623
6774
1255
5490
6216
2432
947
783
9630
735
2907
7118
2246
643
5164
4802
8401
2537
2407
5796
2712
1470
2610
2519
9946
7647
4143
6159
6114
8599
9628
4865
2798
5204
3649
6520
9326
9396
7086
7533
2171
9108
976
8865
9282
8752
2534
2659
9488
9704
7320
2713
8518
5237
8039
6054
5630
1011
1166
1252
5174
1092
1277
8291
5993
4579
9371
6892
4675
8860
2748
3614
8805
91
8857
1258
3595
6447
8558
1029
3443
4758
9371
9649
8567
2061
7645
443
3796
9468
9039
2126
3512
9267
9005
980
2130
1555
3272
2419
6268
4708
10
9297
3542
3109
5857
9023
1961
384
8088
183
5958
7126
640
1335
8549
5827
6275
411
139
4133
7070
3508
2365
7014
7664
8745
2445
2787
7428
602
9798
827
3721
4854
9299
9277
6825
7976
7302
7218
5974
3163
5496
695
5975
3582
2473
8733
8780
4544
3121
1662
2881
1214
196
8215
2103
9087
5401
4934
6690
7253
959
9414
5960
555
86
8023
6611
5616
853
838
1521
241
3293
4891
4683
9433
3257
1895
4467
344
3977
8712
8548
2741
2696
9529
1627
2276
9462
1881
5907
7101
3755
1586
1577
9441
8821
3234
65
4985
1077
7896
2350
1687
5042
830
7157
3619
4910
4739
3726
5307
1173
1940
6150
3904
3874
7611
1088
1355
322
283
4386
5961
1109
3996
5420
1786
6742
1565
6492
9125
3667
5052
540
7772
1977
7938
9931
1950
3123
1153
3095
8020
399
5231
3309
2204
6650
1891
5334
6593
1985
9569
9747
1332
7026
3304
9568
5086
5083
2444
745
5537
2631
8961
941
1541
9790
103
629
4698
6361
5019
2964
3213
121
8012
9330
681
2260
709
9215
1036
145
854
4070
9026
7200
8936
6100
7929
6765
6985
441
7262
888
3510
5629
6032
9719
3980
4096
2135
3087
8538
2642
3925
4344
4170
9063
6836
9165
9037
2039
2180
6035
3565
9431
3773
95
2008
9864
5043
5795
1846
2117
4572
9673
8125
6684
5976
226
8996
2413
7302
1766
2825
4205
3200
5989
362
7359
6482
5833
7989
1424
3070
2580
1588
3452
4158
6944
9173
5711
9469
7865
9224
6165
509
224
6693
1728
9957
7003
6267
4887
7701
3631
7307
5276
8538
3522
3242
9066
9891
726
1452
9450
6747
3784
4349
5440
4909
3442
9863
5718
1480
1440
7464
4664
2572
5460
5870
2836
2705
1286
5220
1909
6372
4377
3098
7931
5752
947
9468
3491
4562
5078
1622
968
711
5340
2965
245
1839
8051
5191
1965
6887
7754
5993
6920
3804
9387
2313
2088
7260
1538
2512
2787
6358
2466
2397
4251
2342
1187
2928
5484
6309
1811
2387
8053
8004
5712
9633
5486
2449
2008
7355
2070
420
2500
1467
556
7247
4928
9906
4333
6666
6224
2028
5140
5159
9133
9090
1854
8579
5476
275
2666
2631
4932
4859
2785
8897
6135
5468
7700
7009
1004
7470
8112
5121
4141
544
418
402
6088
8079
1651
1194
3807
7653
8276
8588
74
7062
49
7505
2278
8167
4342
6570
134
1240
2785
6434
2302
9898
7279
1333
3503
4963
2171
4033
1142
7108
5814
6309
1332
717
1660
1114
2751
1589
7046
1376
6519
2970
3684
2163
58
3261
5364
8399
5878
8183
7359
884
2675
4038
759
2921
741
3721
1866
7426
7508
589
1595
5240
3581
4475
897
9468
1521
4946
3526
9332
4165
6241
7608
53
49
9441
7809
8387
632
6806
4129
9747
1263
85
8530
4815
1181
400
3733
5572
3391
2099
5380
239
6840
3240
2526
3758
5807
7154
5338
2731
4244
7991
3902
4215
5174
6138
9297
9578
5628
3764
5172
8838
8214
1926
2673
7286
516
1656
8164
1512
5567
1067
3706
1575
6803
9210
310
7024
9617
2099
4559
1842
5222
418
7412
4922
6668
7234
9137
2242
6560
1255
2566
8426
308
3445
2493
605
9979
4145
4467
2747
6958
1378
6965
9519
4705
730
4641
2310
8645
3665
3269
9707
2790
1864
220
2446
2994
9388
4949
6650
4662
7623
1162
8784
464
4072
5611
7814
8038
1755
7490
2319
6028
2460
4463
4344
6239
9996
7599
7114
1353
4052
6315
3829
956
7300
7171
9826
5388
9255
6038
5844
5628
2296
3037
182
7146
7691
4106
9185
384
1141
2084
3270
6784
969
1050
9090
2639
897
1261
4481
8975
4374
5777
7246
2639
5071
3119
7336
9541
722
28
97
693
4702
5812
2891
4361
959
55
4988
1022
1731
326
3100
2146
8020
1575
1259
2369
7315
7704
4679
7207
4060
9276
232
6305
4602
7367
8018
3920
445
6223
6905
8319
5954
8794
2725
5031
7761
1080
5495
2874
4638
7065
7622
3349
271
8116
9433
1122
8680
4551
752
4510
6993
3347
8598
5959
2551
7539
9370
9757
7850
2245
2085
4200
2711
9603
4411
391
298
9258
3748
7175
9292
4381
1565
8857
9918
2753
5572
7362
8877
3880
199
9348
9831
8382
7075
7295
5574
5711
1665
2746
6825
173
5907
9571
4398
7548
3765
8903
6909
6669
17
2390
9578
7122
743
4364
8078
3106
8259
5095
7334
539
8833
2959
9231
6459
8705
6004
7558
6734
715
1351
1256
2084
8641
126
2132
7477
1056
9033
9797
8161
7345
9752
2153
7367
5426
3875
1407
8480
4995
7242
5165
3835
4156
1032
9078
6885
6529
6094
5158
2685
6792
6805
568
2827
561
9867
8109
4240
6556
9244
2846
8584
3233
2185
6442
9965
5886
3083
3789
6498
6050
5039
1798
1391
9208
4804
8800
54
8047
3256
5031
5643
7395
4804
1420
7253
4705
1721
3447
2686
536
8000
2713
7245
722
922
3563
9766
2394
452
7424
9237
4467
6949
3889
8053
4262
2738
2283
2498
9073
5955
3834
3229
8338
6581
4924
7440
1348
6919
7570
2121
6038
3764
3283
1765
82
7198
2942
8848
762
1674
3427
8776
517
1438
5324
360
9587
527
3411
1841
7107
2654
5453
7519
4351
600
3281
8236
758
3927
1596
168
563
7772
3983
4221
4357
3936
1236
9289
5720
756
1224
9964
7241
6966
2760
1473
8227
9406
4385
2930
5192
1818
9314
595
4016
2554
7605
1722
5979
1207
7720
6132
2693
2946
8700
6692
3818
5141
2329
5939
311
6162
1931
4881
2141
2000
2853
5158
453
5068
6317
7845
826
4680
6533
4531
2063
3677
7323
9973
4510
7224
9831
407
4388
3291
1320
6799
8734
9277
109
3647
7575
813
7746
1145
8257
2231
2260
1806
3763
8747
8636
8663
2594
6935
9308
9722
4306
2435
6322
612
2165
443
1813
9526
1460
4500
4039
3849
9379
9266
6773
7262
7785
8714
9784
8063
5862
1667
4866
3495
6743
8909
5228
235
2454
7045
8755
2703
8243
4519
1257
5716
3673
2097
3094
1112
6952
5037
7974
5461
8794
9114
3437
6092
1212
5560
7473
487
7997
8769
7328
5076
4122
4016
2749
4638
8990
6247
4300
1095
6918
1164
8784
7364
7617
5107
7558
7242
8363
6137
2553
945
7249
7285
6755
4986
896
2585
4698
3264
4933
6461
9074
5854
8942
2532
5084
9492
6933
232
9828
4203
603
3606
5563
405
1500
3482
1865
2767
8737
3492
1659
7919
5017
9471
6158
8793
7110
2710
8115
8473
6942
8748
1219
3451
1474
151
1662
4107
2094
235
1998
2422
2337
4765
5476
9688
2818
2913
9896
9763
5573
5567
9179
8463
5139
4137
5530
2365
7354
2713
4382
966
4295
1324
5960
9944
7530
877
9139
3329
4744
1950
237
2285
9621
5878
7952
7293
159
1863
1084
3081
4683
3597
7312
4655
7885
2517
8756
5005
7441
5515
155
2817
34
2652
1642
7414
1841
404
8629
2009
5155
6610
2886
4186
8271
8179
4107
5296
8248
1569
2081
4799
6340
6045
7173
1344
3529
3075
5265
4336
7642
9580
9317
8877
7200
1195
463
708
7447
7196
2332
2226
6369
9910
4917
4660
3013
4589
6137
1320
2903
7722
6775
9766
814
8604
5418
3379
5111
1504
1712
2436
8228
6144
1301
3997
524
960
9079
7446
7392
9716
1361
1599
5887
3084
4674
4098
2432
9115
5159
4670
1620
1559
1822
2833
5605
2510
1474
68
132
9038
1984
4154
9469
3671
9988
7482
5817
2097
8606
4167
1947
6430
5144
6665
6749
4596
4354
1809
1258
4679
599
196
7443
8769
1108
3305
9297
6225
6456
1802
4403
4143
9965
1569
1639
623
9266
6954
3352
8613
5700
8488
1382
5799
7567
5044
9227
2909
7843
9868
5302
5285
6342
5519
643
592
6830
1574
6621
5442
9792
5117
5427
5281
7856
6758
549
2693
1334
4492
6170
8971
2560
5261
8739
9059
8058
1587
6364
6488
9027
5900
2066
9399
1819
7175
1490
2717
7334
4177
618
1398
8138
406
6245
8145
6769
7343
928
1117
4533
4943
1772
8864
7528
3792
1520
1905
7731
8369
5659
1025
7335
1980
4592
9941
8140
5555
3028
6380
4817
8734
1557
2555
5381
4203
4356
6742
3363
2631
8589
4358
1064
387
428
9527
34
1703
2765
2797
6015
7471
2927
527
6650
2959
3150
920
1966
9967
5526
7273
3166
7324
5254
7377
8176
4129
5575
3993
7064
242
3804
881
7582
2901
7951
9425
9503
1070
5517
201
9564
6514
5665
7913
3630
914
8011
797
5492
2490
9257
9404
6264
2025
6436
4329
3180
5035
173
1133
8987
2254
6844
6377
5202
107
1843
4249
7052
3972
7276
8123
2266
4803
6917
4422
4931
7924
2220
2493
7063
3513
7262
5694
3542
456
919
1874
7050
8998
5647
9396
1331
746
7980
4854
582
4082
5144
8005
2108
5260
1085
6713
776
7189
6954
1286
4440
1610
8815
2788
8879
9574
7042
7376
1654
4697
6199
5704
6442
8097
7814
1706
2439
567
255
2004
5919
6906
8126
3616
5784
9781
9985
2749
1751
8520
8818
1428
1583
1279
2528
4601
2053
8294
4409
146
1716
9597
5322
9825
2472
7181
4173
2067
7281
3795
3938
6291
9557
656
1061
2316
281
9615
1477
6381
9076
876
11
8852
3017
4550
9171
6398
8783
1750
6864
8007
5925
4464
8557
9932
7337
8328
7765
6172
4201
8051
9301
6178
3696
5723
6989
2570
9482
9612
5830
4386
2181
9105
800
9254
9856
733
9015
2185
7415
4792
7448
6654
5398
4146
8946
4488
4923
9159
8861
2486
2625
2643
9386
130
9448
8644
6183
2840
7275
1849
8859
9685
7721
8057
9771
1096
1531
7446
2332
2110
146
2270
6433
4549
9560
6263
3991
4727
1888
8981
7734
2243
1983
2419
1695
6609
6243
7040
8913
1591
3087
8403
836
3516
9581
7040
8883
5613
4694
6768
2164
2953
862
718
6862
158
2300
125
9502
3571
2116
5415
7425
8364
617
2229
2039
6852
737
218
5450
7286
803
6897
9258
1568
1648
3673
6720
8497
6004
779
8780
405
6218
3301
6233
1943
3042
579
212
5026
2263
7767
8204
4857
726
6922
7918
6551
6814
8569
8837
8391
7079
9409
7170
7848
3348
36
8011
8214
6575
4325
9682
160
102
6554
7590
8368
2903
2475
4701
7556
8987
888
345
185
6194
5806
2376
4170
1132
1401
2117
6139
8573
788
4842
5280
1339
8204
8568
5997
8607
2259
684
3452
1941
8097
1203
7897
1309
662
473
4082
1717
2397
6887
40
3681
3730
5682
944
7576
791
17
3452
1942
340
5316
7867
9505
3030
8663
7540
3213
6656
2056
8744
8390
7239
115
1767
4918
1677
5025
1383
1564
1601
8102
2886
9841
5543
8107
2565
8346
1589
1122
4336
1070
5687
8863
8533
4505
2134
8567
4077
2592
9597
1297
4503
567
1600
1824
2897
7614
8682
6942
9607
5187
580
4263
2730
1333
6095
2696
269
1785
1416
161
7256
2614
8906
5755
8511
2994
2050
8551
1301
5087
8701
4221
1961
7895
6027
2146
8065
6056
8214
955
2763
2013
6953
5639
9721
9267
7464
9717
2520
91
9578
176
5132
3231
2077
9033
9037
1630
401
8887
448
2899
3277
1101
4041
7034
9830
8578
7421
6898
5122
103
9312
5928
2800
5273
639
5847
1730
9443
2238
9920
8156
6980
1971
2349
2819
6198
3034
4296
9262
5387
9979
9910
943
9433
1978
1870
7858
4165
4973
4028
4254
7430
7720
818
2969
3435
8402
4956
3739
2145
6201
2389
4768
5303
6236
8310
441
292
4505
422
3486
2780
8362
9
3779
5034
7005
9056
2188
9177
9183
9642
462
436
3678
8879
9538
398
1477
480
8342
3634
7331
4152
1493
8186
3621
3315
2561
4357
9144
1121
7921
9650
1287
2621
3862
5403
2047
8023
442
3885
5744
2087
5822
4934
8422
1230
4587
1974
3868
1845
7618
8641
6863
4638
3180
8672
5361
4019
8487
8663
5417
8592
1874
728
9989
4405
6043
810
1107
9885
4697
1332
5892
3558
2414
8424
7645
4524
5735
120
1268
2939
6416
2980
3261
7731
1908
4261
7147
1537
5842
712
1785
3951
2966
9054
2933
9244
2400
7068
2651
4069
9802
9015
5319
5172
7857
1177
5353
5418
2290
6193
9370
3189
6814
6920
4988
91
9754
766
216
5296
6701
6315
9483
6624
3274
4900
8582
3797
552
1680
2371
4461
5067
2752
5260
9126
1459
9006
4467
571
1872
2151
9410
3709
891
7962
7737
1143
4342
2915
259
1954
3144
5745
4207
499
7649
1308
2629
1949
9807
7684
8729
488
5339
39
4178
3766
841
9411
6222
6637
6559
6576
2623
3927
9037
1920
5515
9230
4975
9293
1284
5395
20
6501
7188
2229
8168
8548
9080
5897
5015
5354
193
3264
8238
6691
7767
1289
5309
2665
1854
274
8430
6971
1929
499
7790
9062
1243
6553
9275
4630
6210
5048
2179
1626
4121
5701
6910
9664
3628
3986
1026
4961
7993
2219
3074
7436
34
8350
9713
1807
4282
2596
2334
3606
8563
4540
1999
6892
8927
9767
6550
4738
6274
2027
8926
4161
3470
3115
1497
2157
4737
8414
9915
9545
598
4007
4694
8088
3898
6067
1675
7110
4744
5801
350
9521
3762
8249
9283
1222
1489
9987
4420
7117
9939
5759
656
4378
9239
5584
1233
6294
870
3069
3765
6608
3697
5287
7947
6148
595
1094
7727
1617
1703
1006
7326
2220
446
5512
8951
9550
2934
6641
2192
4810
5670
2902
3903
2548
1581
9765
970
7891
492
4604
193
1964
8525
7171
4914
4656
8589
5631
8265
2825
6393
7636
8113
285
2621
213
5852
2150
8955
6385
259
858
1931
7340
6287
8941
7272
2316
8326
7219
4836
6906
1279
339
778
1860
443
6656
6345
8020
2595
3779
4508
2349
4789
5673
8751
1781
2064
4832
8017
3104
5154
9990
4412
8502
2659
6601
9233
9892
2611
1778
9597
9403
1871
319
4458
468
6610
9646
2325
463
5565
7519
4511
9030
2203
6969
1759
6872
5207
7870
8583
3456
1729
793
7121
7502
2326
3027
8701
9150
8673
4610
3238
3211
1278
9404
2490
2421
8268
6671
4994
4070
2026
1548
4866
1566
2433
1675
5649
6601
7360
8763
1889
4097
7603
7992
5751
3768
2907
4032
4138
3976
8590
8756
6994
526
7119
7865
6107
1606
266
771
5587
1044
4054
8904
6807
2153
329
60
6115
395
602
554
855
1684
4856
7403
1538
3956
3710
9888
4008
1026
7213
1718
6557
5234
1473
8744
1002
7451
1908
6675
7025
9724
6501
9862
6029
1908
7968
5165
4392
4911
9780
3512
2259
2873
2794
6525
7400
1952
2356
8094
4005
9727
9389
6536
393
1222
6418
9542
1182
1070
818
2968
3314
2314
1445
7463
995
257
202
36
6172
4035
6975
681
9023
1550
1810
8400
7346
4412
924
4464
8133
1196
7199
3483
9733
5146
9574
6071
2338
4662
6301
4378
148
2695
963
1977
2939
1087
9106
9398
2691
7194
7035
9558
9610
4371
1209
6071
7068
7993
4261
6497
2087
4858
5490
5600
3046
6433
251
5831
165
9340
8749
6720
8760
7526
2675
905
326
1054
2304
1838
2412
8273
2039
5961
5256
765
3070
7037
5031
9352
4447
4465
1559
4600
6341
3160
6020
8969
6065
1866
8667
1763
4700
264
2074
692
8661
59
8847
6813
6328
2084
1028
1160
9606
7387
1653
1844
5014
1570
2468
5146
3561
4181
554
9850
4603
6431
9892
6640
6327
7215
3538
8586
1773
2510
6864
1621
1000
9711
6968
2253
1574
3178
7002
5280
9045
6879
36
4267
9119
5482
5072
9259
9221
3145
4765
1722
2352
5686
357
8874
8655
6609
3242
9237
2045
9270
3284
6968
4539
133
8693
6799
118
934
4342
7291
5205
4708
8868
7461
7464
9045
4079
8349
737
4399
2658
2414
4439
3967
1417
9555
2359
8632
6241
4832
368
819
8109
7850
4129
1595
6946
4337
1267
79
5968
1078
165
3916
3844
5312
7670
9759
5181
9072
2956
5443
2694
3041
2941
1545
5996
8112
5056
8014
3773
2025
1590
4652
1490
3693
1847
4368
190
1525
2642
3657
3116
3298
1543
2002
8968
4476
9042
667
9614
5314
3501
2091
6109
260
2708
1463
5328
5659
8827
567
1529
245
5017
3815
205
1155
9772
1494
2430
5018
9092
1939
4249
608
1419
2010
7163
1610
6431
2038
3070
9273
1677
1842
8597
3498
8590
1219
7878
1625
5749
3790
7971
6149
8272
1348
7174
4119
5526
6016
9359
1473
9925
737
7831
6892
1871
4210
9663
599
1915
6915
9554
9293
9562
510
8620
3870
2665
3856
2109
2664
3444
728
1567
851
662
4752
3634
2016
8414
5433
6671
4776
2762
4781
2327
1579
7748
1645
2163
871
3114
2799
1990
7573
4780
2823
7414
3576
9782
9645
6485
2663
1218
1649
3548
3778
9804
9839
5275
5957
3287
2789
5600
1583
6908
9884
6199
8554
1130
1814
8665
6311
2107
5502
8840
7998
2177
1825
673
3728
9248
1630
9469
8279
3919
9596
2381
8817
7781
4111
6106
5373
7763
8352
7380
8551
9985
6317
7912
4475
6864
530
4865
805
973
5296
4111
4454
8289
3327
9628
984
1457
7309
9527
6168
6399
2072
986
5395
9440
7838
9047
6918
8381
2397
4935
2338
4072
1581
5930
5997
9801
5294
9225
6552
4559
9679
724
6368
3510
2059
9976
4771
2941
2496
5121
2987
735
4886
6139
7398
6859
6833
5334
7251
5532
7963
2270
6826
1246
1488
8716
9777
2020
9148
211
4667
4945
1697
2685
7626
9917
3834
2950
6204
1323
1919
4716
2621
1777
5540
765
1482
2118
5826
3429
7484
8522
2551
2306
1447
9126
3538
4735
9700
5597
2364
6284
1806
9751
4389
2917
7656
6817
6152
4242
7482
1453
4163
9545
4499
1602
7077
6095
1532
2836
629
1798
9818
2202
1975
9049
84
7023
773
5221
2425
5383
5211
5910
7396
5514
5256
2653
7572
4602
2056
7860
9719
5407
6728
2533
2505
7832
6995
597
9748
8319
1514
8903
5366
8647
6504
8193
9392
9784
3465
5867
4606
6227
733
324
2553
2625
7340
358
6802
2580
1816
6724
9572
5266
9886
454
525
7002
1109
9960
4473
6191
1522
3209
3557
2711
3641
8201
6032
2260
4656
5137
2901
208
9198
5217
9474
392
3684
7266
2003
2827
8474
2070
3699
5877
3907
3460
758
9505
9689
5421
7906
8528
5383
5951
1046
2012
9196
308
3887
6527
1845
4266
3965
2174
882
9054
6504
6433
1787
9071
4288
2965
2303
9590
1525
9319
1833
5556
1548
4647
236
5444
1161
7408
8909
51
1720
3086
673
207
2384
7436
847
8946
1686
4204
6052
301
5841
58
4691
1467
5857
5072
801
3291
4165
3215
6706
2437
7863
7278
5790
8492
3665
7682
2373
9513
9462
3554
1111
6361
5410
9836
9160
414
2719
1148
524
189
1370
8885
2668
1228
596
1228
2553
6093
1048
6868
6027
5335
8048
2248
9396
3029
2077
1428
8816
32
6475
5493
8009
7
9620
3035
7056
4360
3721
7854
9024
7183
2520
2224
5988
8505
5160
9050
9516
2005
6058
5131
2839
2717
1531
1633
1324
7519
280
6264
5738
71
3870
3755
7184
9606
1674
1881
7578
2021
1348
3631
7368
6977
7633
4922
466
7306
3436
7848
277
3945
5853
2851
7410
273
4968
285
1844
426
4931
1501
6182
865
8305
417
8904
854
5454
3995
3768
9088
2258
6098
3054
806
1681
4602
829
3324
2080
2472
2333
5921
9860
4879
14
9239
2244
280
1229
214
2689
1986
418
8106
9207
3099
672
2211
7617
8684
3124
6798
336
7334
1897
4361
3005
569
120
5020
520
7768
5957
3627
9195
521
3691
5308
2787
6469
9747
5346
208
2568
1489
259
464
1108
8297
4915
7593
799
8690
3614
2238
2189
8624
8878
3805
4901
4152
3631
9869
5817
6961
5524
513
4626
8713
9714
483
930
3215
4286
1375
5327
6893
1330
5957
6523
2055
7429
9266
5186
738
7999
7391
2740
1822
51
5195
7991
7654
7620
9558
1469
75
78
3241
4817
5353
924
1989
8512
9131
8270
5616
5112
2447
1469
5118
9736
9442
8217
6521
3927
9536
5647
6912
1066
6217
1884
9374
6375
3669
2681
3470
6799
1111
5752
1266
399
3879
7397
1189
1294
7766
219
6818
6771
5647
4681
1830
7283
3502
2972
8787
1870
8128
7792
7456
2016
4852
7300
4685
7673
5238
49
1033
6659
341
3781
1244
3451
106
7601
7511
6896
2163
6910
8867
9613
6766
9432
5522
6784
4506
5699
9949
1093
6786
2899
8451
3211
771
7533
3328
3965
2633
5414
6132
3127
8035
9858
9831
4364
1533
7226
4842
4625
2593
8494
1190
1259
1619
4186
79
317
8266
9320
9434
6445
5780
2202
3782
1188
1472
1048
1959
98
6124
14
5425
3824
4466
5218
915
9674
8431
281
9838
9331
2097
8976
444
1013
7702
4634
9386
2732
9513
5070
8358
6
8151
8622
107
6336
2769
3536
1692
8150
5982
2311
2797
8055
2675
5553
3921
7004
1074
2455
9155
5863
947
6822
513
6498
5290
2011
2872
6107
1288
1414
6147
6623
4173
3395
4081
7964
2162
9004
9183
2973
5251
771
7675
672
162
9328
2737
1201
5271
9443
9450
6300
6643
7722
8054
2564
7422
4782
4422
5292
9404
6814
9459
1148
4115
4985
2362
922
2693
3146
3862
6643
4201
3855
3946
3752
2740
7777
1246
1573
1296
5251
4609
5491
4998
143
9726
5744
7143
1411
692
5136
8591
2507
2180
2886
1019
1856
8833
7286
1861
4424
2384
4011
5874
7257
8265
4915
681
9364
1648
2968
3876
5572
1289
5513
3512
5317
2184
6433
1951
361
1111
4945
1890
1413
964
2230
2386
5242
155
4679
5481
1303
5863
9926
7770
4984
7290
3469
1484
9783
2286
238
1597
8868
8915
1218
5227
1709
9312
6708
2118
7323
6791
2342
2344
4767
2470
5715
1258
837
210
2407
3824
2246
6499
3695
161
9957
7677
7034
8191
268
8130
5458
1959
6377
8604
4681
3187
7783
7770
8646
3456
6307
7163
9403
7451
3805
583
963
677
7103
1198
5319
4389
8488
5405
2938
1630
6182
3312
4919
3846
9281
7524
6251
8002
1018
9784
755
4889
9231
6983
7099
3466
3004
6110
8208
257
4218
4729
50
8141
2506
4233
8265
219
5724
9239
9733
4135
6580
851
4742
8719
2519
9895
1925
7228
9569
6339
1515
606
7290
8067
4144
2420
5876
291
3606
3800
4472
1568
5056
9467
8279
8742
3324
4354
2415
7429
8931
3490
5158
9721
5811
310
3984
1902
4555
2679
2181
7697
4584
6151
423
449
4629
6129
3390
6360
445
8354
5801
2212
3602
9382
117
8613
5344
7068
7025
3860
2610
2737
7608
1039
5748
4431
6599
198
4536
7396
2860
7744
9267
1795
7091
8013
635
2096
4008
975
3576
1419
3898
8859
7765
3699
9252
7730
6404
8631
791
2417
2848
9375
2396
4230
6629
1355
1601
5898
8401
1653
69
367
417
2266
2991
191
9780
589
8965
8021
2306
8805
9997
2627
2396
2690
1380
8292
1354
9314
2175
5299
7264
3677
754
3181
3305
8580
7450
1203
3773
2946
9501
4990
2879
6150
2126
864
1373
4652
1183
6926
1484
788
9792
2940
6800
9396
7733
1413
5042
9388
4099
850
7938
1455
5604
7319
5082
1922
2613
9996
5501
7090
9620
8272
1506
946
191
3920
263
7326
7439
1577
5958
4863
1747
3686
5828
8546
6777
3750
9547
4667
3341
1268
6948
7437
954
531
2354
8878
8324
6165
2891
4357
1663
4099
2831
9695
5648
8785
8527
3342
7884
8627
581
4076
7094
1521
7100
8726
4204
1960
6948
2649
2822
439
9143
210
5267
6700
1654
2493
7504
9136
794
2246
4090
9127
20
2672
6961
2118
3787
1282
6524
1966
4657
1467
4301
3100
9923
4664
1249
2699
2094
3607
1006
5018
6602
4500
4235
5256
604
265
1390
2797
4057
6571
5368
7241
9606
144
2596
7803
8121
5876
1822
1018
5808
4537
1830
2311
1919
2173
3604
2623
9833
583
1899
1665
6946
3351
9093
84
1283
779
1214
6572
7531
4831
1188
641
6440
2383
1014
2497
837
2937
9471
2442
6112
9099
5373
1352
2393
8751
2505
8390
2246
3847
8423
4263
9480
9804
5535
611
8538
8763
2670
1578
525
69
5557
7668
5372
2433
3452
85
2324
2736
708
7350
418
2653
6166
8564
6194
216
9186
3886
1409
6442
1813
9469
9055
1361
2025
723
7221
7261
4223
7241
656
2555
1396
525
1250
563
5602
2767
1892
2774
1223
5173
805
5470
2673
3379
8174
1293
6570
5766
4943
5868
532
3941
7749
3832
2567
4305
6639
6543
7106
7448
5
2561
9939
3093
6153
7044
5927
8884
4389
6091
2251
2565
9350
3363
586
5222
411
7795
5891
687
4927
5166
273
4334
3183
4720
84
786
4411
9651
7013
1627
3419
3130
9653
2031
2159
4921
5664
639
1893
5732
2258
6184
905
1062
3910
5207
7752
9996
5613
2535
3439
7380
5042
7305
7434
7066
5810
6821
2616
6858
2409
891
2979
4531
8999
1224
6889
4462
504
1913
2026
1966
6935
9914
3088
7149
5569
9992
2278
8166
4200
738
5328
10
7761
6740
2583
8370
5439
6297
3332
8432
4526
7439
761
7036
6443
101
9649
8710
1683
9364
4094
5065
7517
415
2435
6356
9568
9004
1608
5346
116
1952
2674
6096
2437
9294
705
4446
2978
3099
1410
4646
1830
2388
4386
3688
447
2545
8062
2396
4893
6880
2946
5299
2470
4339
9339
1724
1601
6130
5049
9037
1824
7290
324
8682
1990
1627
9421
2793
1346
9425
1697
1313
14
2391
3163
1986
2247
5214
1433
4101
1369
3886
662
5712
256
5575
3108
3522
7358
5254
7451
2282
560
6183
3128
2496
427
393
812
9224
1779
6391
6272
3161
311
6877
4710
7744
4763
1994
4612
1327
6804
4269
4861
6573
2110
3549
8589
7566
848
8574
893
8121
9244
5286
3165
6123
3441
2249
9724
8469
5512
653
9986
3233
8414
9732
8336
1233
2004
5084
5220
4345
2433
4684
7621
926
953
4919
7862
8583
7760
4436
2994
4055
1885
1256
5284
7063
9494
1081
5467
6341
5468
1638
4916
7342
5561
7613
1661
9951
9659
2826
2563
6196
6720
1789
1023
3499
8021
798
5775
2389
9333
5037
3062
3127
4173
7976
1564
5587
9823
3545
5661
340
2880
3232
5911
218
213
4405
6762
6943
6196
7419
8720
7152
8129
9469
9912
2876
1779
615
7179
6480
8487
4262
8717
5607
7344
2107
4082
1966
7349
6298
2383
6278
8983
9320
7821
4901
835
9535
5720
2479
2847
2750
1312
7485
2352
7152
6371
6558
689
1025
4152
3902
9228
8769
9266
4537
7091
7531
460
2013
6078
5997
483
1657
9471
9331
9954
4435
3118
6891
6153
9601
5306
5475
5188
236
625
8723
5247
4815
5985
8686
1543
4924
21
5214
2332
7418
1878
6449
2775
3227
4474
9298
2039
6746
37
9921
9929
9090
1070
3127
7370
8580
4807
9478
9654
5675
4181
841
8617
691
592
7483
1430
2588
3785
7483
7219
64
2939
9974
3106
8652
8229
87
1901
4589
7457
2205
7054
9138
7612
4900
4219
2459
7044
1418
9562
4076
5944
159
4105
7225
1285
1303
8661
4395
7299
2233
1550
9971
8738
4763
6302
5788
5808
5020
2147
8227
1882
8380
1722
7621
3979
8867
1551
5965
3251
722
6988
8478
7148
565
1016
9149
8213
2342
5318
6157
713
6118
7401
187
4969
7473
4442
448
8445
755
4856
5161
7317
9562
466
2039
1406
8914
1442
7684
1893
1274
9554
6383
9027
1485
4198
2275
5386
1717
6248
5376
805
5798
6852
8207
2866
4761
2375
131
1834
3947
419
8432
9456
5179
908
5434
2815
1698
5971
5117
8660
6960
9337
833
4505
4034
8503
9644
8494
8853
3530
5092
496
7928
4752
9846
8121
3283
4950
5108
9980
1254
5371
8312
9535
9115
5126
848
2211
3874
2761
8532
2020
7209
8417
4870
7585
413
6009
5988
8773
7639
4783
2807
1021
6393
5950
5377
1971
6923
4246
1193
3034
3789
4563
5072
3245
8028
7971
5780
5287
2100
3887
974
5975
8678
1642
8764
1192
4504
1564
7117
1915
4729
9316
4333
8072
7851
2525
2298
2878
2341
5112
5886
7772
3752
5615
1753
1821
1346
1520
3274
509
3033
4201
2712
3450
2480
1091
17
2101
196
7247
3305
9155
6781
1979
9940
2886
8958
9325
6422
9306
8962
9626
2230
7117
5028
7834
1399
956
182
622
3600
9108
557
3008
4018
8448
814
1613
4441
462
4142
7908
4820
6187
451
4848
7131
3925
6370
8430
5249
9720
7902
2639
495
2304
4274
8842
8737
1886
1193
128
9800
4009
1329
7929
7934
3894
4794
8056
2307
283
5772
5624
1936
4245
9624
5545
1717
9652
6745
4689
1823
2584
8587
3456
952
1796
5374
7944
9582
3073
3807
9342
2147
1989
4777
1045
4733
1020
1079
2502
1115
7254
8972
8017
7692
1792
958
3376
1199
8534
3967
179
3642
3589
7676
2470
3871
4057
7758
9990
4205
211
1910
5888
8138
3196
2016
4430
4683
8290
1865
9796
6679
9842
7626
1623
2363
4522
1109
5963
8617
6262
4694
9750
9290
6742
6282
8987
5068
7551
5311
9830
2876
4534
2158
1843
3589
1638
2473
5708
8056
4171
5496
9249
6498
9281
1163
6831
8987
6441
9503
2613
1475
6842
8353
8253
728
4965
6604
7858
9270
743
1918
9542
5866
4507
1208
9285
8769
5779
34
4184
667
7123
1401
1251
844
4034
3468
5723
5067
470
4487
946
8354
5967
6058
4994
6537
2264
2527
3932
2292
2095
9777
3976
8989
8594
2945
3064
3951
1311
1356
7480
7242
8384
6236
2338
5530
9794
1197
7604
3645
7844
1028
269
1213
2101
4467
7593
4218
4331
7937
6515
4403
73
5
7981
6974
5258
6797
800
9404
9469
3094
4902
3598
874
3886
130
827
7797
3779
95
4990
7028
7470
973
8636
936
3007
8129
6814
9629
9491
3229
3104
3138
9255
864
5634
2963
3879
9029
8172
5946
1906
4071
7231
8599
3779
9477
1463
3734
2327
8045
2147
6485
3241
9595
8123
9248
8333
1452
1825
9396
6617
8923
4207
2527
6958
245
2469
173
6389
5372
526
1977
4448
7066
3957
7252
9800
2458
6024
8841
3498
763
5384
4678
7769
986
2718
7191
1563
6867
5063
6552
3199
133
7985
1161
4226
974
521
2581
5442
1907
3965
6026
4606
5964
1275
5298
5837
1151
2009
1582
6721
5866
2204
73
2168
2764
9917
8769
2122
4768
4028
5103
3124
21
1938
3046
489
9586
2832
4192
466
6255
7073
6556
9036
5616
9455
3970
4086
405
2460
421
5880
2665
1189
1132
3095
4237
5538
9675
3895
1690
1764
3513
8590
2352
1878
6646
2402
6475
6902
700
5345
4951
4580
9260
4396
8098
1543
8962
5662
2297
7649
1050
7633
8778
4298
9090
7205
254
7078
8373
6312
8024
8540
7474
7941
290
5305
4883
3851
948
5774
3339
9508
8387
9527
8146
7342
1033
577
1509
7222
4450
5075
7474
8635
6284
115
9640
3929
8436
4808
6098
3257
3079
4628
5451
3375
370
5261
1763
1493
623
2490
5032
4070
5871
2187
6133
1759
3727
1287
7303
5424
6169
552
2618
2773
7262
6140
1248
4378
5320
4543
8542
1388
1702
300
8678
8778
7441
2019
5749
1984
7579
1778
9783
8457
2253
8371
4457
7074
1029
2258
7579
9693
5077
4351
485
9474
6561
5415
2375
7982
8525
3781
6940
7360
5973
1368
2849
808
6354
8619
2536
1981
1125
2223
3287
6556
2380
2810
4354
7174
561
990
8031
1146
479
6742
3998
9852
9029
8211
1485
8625
2902
5566
6986
7830
742
5331
1969
3348
1958
2563
3356
5369
1651
8553
6777
7794
8331
8544
8743
8715
8856
7754
9892
6438
7225
769
7163
6107
6747
2030
2586
5737
7755
7396
9914
3914
857
2463
6188
3056
6330
6891
3903
8805
8464
6582
5947
3286
2187
8617
1633
8354
3539
5592
1629
4997
165
1160
5672
9353
4563
5453
5827
430
709
5087
1418
7809
5625
8575
2285
9358
1550
4647
5412
1717
6416
3811
2033
5230
1565
3300
8715
9976
9455
2004
8930
709
4148
6498
7990
9017
4554
3212
5215
2133
3839
6137
5502
3401
5439
8397
3180
6143
5237
3329
6347
5219
354
3281
725
4741
5773
2863
8453
3010
5914
2803
3035
7458
1252
4285
2580
8986
1572
8346
9212
7502
1996
3588
5089
7347
6834
7741
109
66
6699
5981
2401
1511
2356
8034
488
1247
2433
349
9311
1341
537
8260
2404
7446
785
7563
7906
5915
7693
1130
3514
423
4485
484
1414
3533
203
4109
1535
5011
3557
2874
4808
8934
4501
5571
2557
8632
3623
3257
2526
8852
5399
5877
5503
1785
3137
3831
5204
6461
7767
7373
9353
324
8929
1551
168
8613
2080
542
5922
7635
5117
4278
2033
9689
1639
8933
5397
3555
1420
4631
1016
7745
2582
1465
795
7131
389
8902
165
4511
3874
1808
2424
8317
178
2605
5359
2019
87
81
1735
7368
9000
6007
2539
7661
8618
8392
7470
2671
674
7511
1561
9133
9703
2524
6744
143
1846
279
4025
2262
3633
7473
3959
3834
7536
6686
9908
4861
9072
228
7436
8094
4514
2790
4790
9506
291
4219
4470
2637
3464
9398
7080
9673
6072
2097
1814
7476
7899
1000
2476
8058
6350
7413
2425
3528
5855
8525
7822
9341
1116
6795
1491
3699
9278
439
7251
1882
5960
2227
403
7338
7409
3335
6039
6022
6538
7683
1697
5787
5087
8566
3983
1327
6877
1900
6284
1287
9982
3935
2022
3802
8293
4511
2362
3609
5372
6455
8384
8672
478
7144
8189
6203
1818
2363
9673
7607
5949
5098
401
8961
1028
8792
2552
1496
7291
1202
4000
3765
4770
3185
6513
441
5457
9190
8513
1712
4873
6652
6654
6534
1464
2014
9066
346
1539
1211
3674
5544
6385
4610
6387
3656
573
1950
8331
9680
5212
8363
4038
393
9523
9319
4217
5916
7455
1104
8409
7434
2631
5758
525
4897
5454
9877
1496
1965
1423
8463
2048
6487
2694
6491
2580
9299
3027
5536
8101
2536
2720
883
2090
2282
1864
7065
9141
1342
3595
7749
514
1891
3495
2358
1231
4874
2841
1007
1171
2175
6317
1621
4946
9865
9726
1013
2983
7004
3242
5366
4781
9490
9120
1804
2162
6091
3869
5009
6978
6144
4268
4943
6061
7279
2315
1179
1694
5893
2932
5672
2098
7632
5530
954
9144
9564
6788
8445
3291
6199
8836
8940
9607
4431
4805
4167
9945
1247
388
7877
8962
4211
6010
2955
745
1945
5626
5265
5920
1840
3346
6916
2742
7765
3912
2276
7565
2241
1501
1833
1966
3541
9119
9299
8272
4012
9082
5474
3907
1636
729
1486
8015
4969
9213
2056
5799
857
3822
4887
2374
2142
3391
2239
6022
3688
6310
316
1445
4551
5943
1444
245
145
8938
6715
4781
2121
4030
8765
2509
3913
2512
6104
8143
2303
414
2516
6917
2358
8978
5858
3976
685
7916
7453
3175
7599
7575
8115
2016
381
2192
322
3818
8207
374
4231
2057
8183
39
7084
4215
1966
587
9231
7810
100
3
4608
2563
5875
3175
2907
4733
1354
1772
60
5435
614
9786
8717
2201
6386
7869
8737
3923
1616
1044
9344
1333
6086
3646
7931
260
7991
4260
6683
2708
557
4516
4145
3971
8067
1261
1847
339
6347
7035
329
8496
2159
5020
2393
465
1997
2281
4191
6250
4255
258
5099
3846
2487
2472
1576
3566
335
1152
5957
1302
2019
4346
5854
9605
2819
8085
177
2026
4010
8557
4073
821
6120
8126
9413
812
8324
277
2497
2037
5554
5635
1767
2517
4040
5822
3833
911
1193
571
98
4826
9455
8799
5551
5159
9557
2956
941
8259
6540
8414
8794
873
9154
3955
49
1707
4798
9478
1153
6973
9396
6482
2388
1351
7404
4091
4972
2443
1682
137
2146
8973
1209
2725
3506
1867
2168
3493
7180
4732
7823
1457
4763
2659
5147
4585
113
6072
8074
6420
3202
2297
2440
422
7234
3271
6463
3813
2495
2171
3999
9156
9600
4979
6708
974
9988
5421
7308
1775
6395
2679
4516
2534
7792
6329
6297
2093
4334
5141
2039
8724
1687
6469
8569
6758
6578
2282
7874
5379
9441
8557
9260
5250
2735
1307
2610
5623
5272
9828
1635
2651
1628
7792
504
3724
2611
5891
948
4100
8526
151
3348
1239
4107
7956
9985
3115
3460
4078
8295
5327
6085
7295
4121
498
7360
6420
2798
1523
2398
8010
9032
8199
3149
1308
5214
7105
5032
9806
1298
2686
2961
4020
8658
3272
735
2449
5029
1568
5380
7122
4381
4048
5466
6847
5239
9747
979
6011
6702
7979
1637
1202
6158
499
1229
1689
2533
7528
5327
3769
1233
9926
5137
757
1857
2443
7381
3955
5900
4197
5382
2649
2789
848
7856
1222
9269
5078
3859
1317
5435
5385
488
5095
2439
7169
8911
7399
1888
9840
996
9013
7409
673
869
8825
2369
831
1548
5394
6485
5850
6506
3581
7405
7806
3528
568
2871
1339
1817
800
1198
276
7537
3697
8990
290
6467
6904
1621
6121
623
1234
6484
9773
427
3917
4081
3286
6276
8003
3439
1379
6253
6694
7656
2544
5521
1663
2698
7835
9579
2924
5103
3043
7513
2700
5240
1938
6938
8665
6704
1220
6165
1663
2343
6537
1311
4496
6421
1885
1838
245
648
2859
438
2141
4658
9908
1338
199
9866
4962
2960
6153
6578
2994
6228
568
7844
6963
7824
8376
8251
7214
6208
1537
1642
8582
6563
1799
504
8707
8504
3355
7539
5142
3786
6697
7836
6438
6789
1870
6574
2025
2231
8951
9510
4978
1184
2993
688
7444
2167
44
2919
8954
8251
1006
1038
7988
9226
1516
5756
1373
9316
254
8000
306
2113
513
3849
2524
9377
7910
6708
1102
433
9782
556
1074
2650
3982
429
8230
239
9359
7363
1291
2566
6848
4416
9605
9571
4883
6064
9188
1775
4948
8685
427
5690
367
6582
243
2143
6784
4152
9813
2296
7109
3598
8901
6439
1999
952
4171
2310
2017
8241
3528
4965
4755
3976
2739
7869
366
856
9776
1693
361
6252
3128
4787
9178
5462
8903
2587
6954
8335
238
3632
9397
839
7767
54
9964
4456
7344
1423
2022
2210
517
178
3191
832
7781
4392
3654
1246
2442
6570
496
4586
486
2447
8185
1605
8897
6521
6886
3142
7225
7485
7881
3391
2523
3763
1886
2055
2600
620
7838
3154
9877
4017
620
1640
4040
2180
5984
9431
4807
9450
3819
3116
4580
6170
3079
4436
6759
1448
5043
5230
83
8583
5482
7910
8016
610
684
407
9244
7400
2388
7730
918
6754
2734
286
3594
8733
3050
6528
8948
603
3250
5725
259
8997
5093
614
2883
3178
9887
1255
6430
2739
6206
1056
6326
3635
3136
8938
7670
2035
9676
2595
1258
5889
3541
8968
4062
9866
8855
9192
9717
299
2797
9071
2373
1201
2694
4024
6574
6441
2657
7874
1118
225
8517
9481
2302
341
2163
8764
4413
339
5398
4406
205
7235
1503
1574
7523
5850
6323
6852
6419
1581
922
9811
228
8593
4343
4093
2682
7052
6271
1744
680
4081
5337
9846
8021
3768
6230
9311
9864
7039
786
9819
2609
1063
9541
9215
8828
4184
9460
3393
6675
4720
3319
1832
4217
5905
8506
1936
3286
5280
4737
3979
8281
1810
671
6035
8334
4187
3801
7238
3333
722
1533
2721
3318
4873
1664
4093
7282
682
1187
2700
2565
2760
8450
1787
875
6176
3647
6981
3235
1398
3746
6777
458
3680
2984
4703
5319
1871
8881
3658
9665
6114
6103
9766
4411
4479
792
93
507
72
2739
6973
8935
427
7553
9105
7823
2450
8227
5884
7377
5674
1764
1255
2058
5507
7968
5280
6596
2632
1622
770
942
6258
5732
7613
738
7380
3701
1098
581
939
2579
4554
7867
6306
9089
7673
9910
2227
714
2532
7793
1154
25
6837
7931
4790
6859
8879
1473
1198
8799
2458
2011
4198
8883
147
7147
6619
543
9308
2352
783
1943
7642
4208
5127
8753
1377
6445
1319
9567
3579
9331
8105
4221
184
156
1799
5349
4928
2027
613
3336
2610
7722
7432
1250
9565
2947
2467
8094
3068
5128
9874
3753
124
37
2703
7778
2413
2276
7226
3255
8454
1298
6802
5587
5177
6353
2349
4673
7313
8650
3918
6466
653
155
1775
4066
6983
5758
7965
6506
4575
9301
1257
2014
8654
204
9305
4630
9125
2251
2993
239
8273
4086
7513
9817
8476
5830
3938
3295
2691
650
1385
6654
472
1386
4725
3025
9058
7657
615
2557
4944
4180
2429
2419
7120
6785
5204
7770
943
1222
8887
1753
9690
7002
6053
8146
3965
3436
9610
9677
488
105
512
9592
8722
9036
6554
2133
2447
3495
3457
6394
6374
1840
9204
3433
4949
7404
671
2894
7293
1265
5182
3492
2136
4895
7151
6265
3844
4019
6864
9515
1820
1864
9885
9287
2064
5185
3075
4312
1034
2578
9534
4797
9979
2674
9084
6289
6027
1366
8747
1234
9289
4460
4920
3919
9492
9844
6619
5411
9225
9659
1515
4043
6113
3548
4234
8660
4380
1910
1789
796
4247
5298
6347
687
2417
448
5109
6681
7009
750
9705
4027
6360
5655
5599
4268
8418
6699
4730
4047
6768
2435
1061
1724
7255
1693
6598
8946
5099
1289
2966
49
8743
8191
6937
5299
343
8322
322
3074
4553
5946
1046
4193
2391
9701
3034
234
5571
308
1753
7865
3127
9965
5772
1022
4673
6690
23
1381
878
943
9648
535
8408
1651
1576
4325
414
2835
9450
6700
2544
6263
1351
2969
4039
8675
4725
3049
4834
9978
7960
872
4960
1559
1465
401
9479
7847
2006
8884
2829
2950
2108
718
7127
2210
3305
1772
2058
1606
1081
6025
410
3780
5350
1588
731
7428
3713
8408
5636
3332
6393
5989
6151
4834
5636
8323
1105
14
5589
2693
383
2160
3386
9061
7099
262
9624
561
3618
9485
9940
6742
2036
6115
6086
2973
810
8036
270
7546
1864
5216
4553
4452
6130
1872
1331
3256
6204
5267
3817
4041
195
7879
982
4030
9437
2342
6348
1928
7293
3008
1844
7313
4079
2578
6601
1129
9247
5351
7438
6154
172
4940
8251
4724
1553
4749
8817
6432
1434
1229
4188
8621
6150
7729
711
6858
801
8842
976
7106
6969
2566
4290
1746
425
787
4396
1749
7156
1450
2717
5469
4447
7352
7760
5268
3532
1087
8369
774
7909
7205
9743
4898
4905
3788
7300
468
7844
1842
3778
9018
9302
239
322
191
3273
50
5282
3298
1194
1181
9148
3953
4116
7301
581
4550
1498
7420
257
287
5058
8046
757
1335
3118
905
9335
8865
9996
648
569
8899
950
8102
210
9423
965
760
3989
7009
5245
6624
9776
7300
3065
6867
9752
1033
2105
4141
292
664
2307
8600
7497
9166
216
1158
1545
7742
8371
2879
6075
7984
5796
1008
6996
5139
5700
9450
9101
8577
1511
5399
2099
9516
723
899
8320
3179
9240
558
3205
369
8000
948
3008
4086
4541
9396
6969
5563
9625
615
8884
9195
499
1033
953
3028
1365
974
5348
6464
1103
6814
6387
3522
8201
4244
3782
2226
9559
4290
4808
636
4336
2708
7558
7328
1064
7699
8653
3563
3187
8704
3724
6537
4485
5799
9578
4326
4615
2948
5771
1907
679
5717
8456
554
4931
8983
1953
1094
9720
4645
5374
7159
7972
417
4193
4586
8128
916
6867
7434
2941
9226
3636
5703
8869
1841
8687
270
9336
4682
3414
596
9666
4188
8575
9073
7566
7194
331
3789
6378
9243
5172
1174
23
1695
411
7094
5162
1124
1882
8412
5544
4259
1663
5157
3080
9550
8551
3778
2186
1024
5774
3768
9181
9845
4245
7547
9993
3725
9188
