1
4
7
8
10
11
11
12
12
16
17
19
20
20
20
21
22
25
25
26
26
26
27
28
30
32
33
36
36
36
37
38
38
39
39
39
40
42
42
42
42
43
43
48
48
48
48
48
49
50
50
50
53
53
57
58
58
59
59
62
62
62
63
64
64
64
65
66
66
66
67
68
70
72
72
74
74
75
75
76
76
77
77
78
78
78
78
78
79
81
82
83
83
83
84
85
86
86
86
87
87
88
88
90
91
91
92
92
93
97
97
97
99
99
99
100
101
101
101
102
102
103
104
106
106
106
107
107
107
108
109
109
110
110
111
111
112
113
113
113
115
117
117
118
119
120
120
121
121
121
123
123
123
124
125
127
127
130
130
130
131
131
132
135
137
138
139
139
139
140
140
143
144
146
146
147
147
147
149
150
151
152
153
154
155
156
157
157
157
159
160
160
161
161
162
162
163
163
163
163
164
164
164
165
165
167
167
168
168
169
171
171
171
173
173
173
174
174
174
175
176
177
177
177
179
179
180
181
183
185
186
186
189
191
192
192
194
194
196
196
197
202
202
202
203
203
203
204
205
207
207
208
209
211
213
214
214
216
216
217
218
221
222
223
225
226
226
229
230
230
230
230
231
231
232
232
233
233
233
233
234
235
235
236
237
241
244
245
245
246
250
250
251
251
253
255
256
257
258
260
260
260
260
260
262
265
265
265
265
267
267
269
269
270
271
271
272
273
273
274
276
277
278
279
280
280
282
285
285
285
286
287
289
289
290
292
293
293
293
294
298
300
302
303
303
304
304
307
308
310
311
311
312
312
313
313
314
314
315
315
316
316
316
317
317
320
320
320
321
321
321
322
322
323
324
325
326
327
327
330
331
332
332
332
334
334
334
335
335
335
336
336
337
338
338
339
340
342
344
344
344
345
345
346
347
348
349
352
353
353
353
353
353
354
354
357
357
357
358
359
361
363
363
363
363
364
364
364
366
366
366
366
368
369
370
370
370
371
371
371
371
372
372
373
373
373
375
375
376
376
377
377
377
378
378
378
379
380
381
382
382
383
384
384
386
390
391
391
391
391
392
393
393
393
394
394
394
395
395
397
398
398
399
399
399
400
400
402
404
404
405
406
406
407
408
408
408
409
409
409
409
409
412
412
412
412
412
413
414
416
417
417
418
419
419
419
421
422
423
423
424
425
425
426
427
427
427
428
429
430
430
430
432
432
433
434
435
435
435
436
436
436
441
442
444
445
446
446
447
449
450
450
450
451
453
453
453
454
455
455
456
459
460
460
460
460
461
461
461
464
466
466
468
473
474
476
480
483
484
485
486
488
488
489
490
490
490
491
491
492
493
493
494
495
496
497
498
498
499
499
500
503
503
503
503
505
506
506
506
508
509
511
512
513
513
517
519
521
522
522
523
525
525
526
526
526
526
527
527
529
529
530
531
532
532
533
533
533
533
535
535
536
536
538
538
538
539
539
541
541
543
544
545
545
547
547
547
548
548
550
552
552
553
553
553
554
555
555
556
556
557
557
561
561
561
562
563
563
563
565
566
566
566
566
569
570
571
573
576
577
577
577
578
579
579
579
580
580
580
581
581
582
583
585
585
586
587
587
588
589
590
591
591
591
593
593
593
593
594
595
595
595
595
597
597
598
598
599
599
599
600
600
601
602
603
603
604
605
606
606
608
609
609
609
610
610
610
610
610
611
613
616
617
618
619
621
621
621
621
623
623
623
624
625
625
627
627
628
629
629
629
629
629
630
630
631
631
633
635
636
637
639
639
640
642
643
644
645
646
646
646
648
649
650
650
650
650
651
652
652
653
653
654
654
655
656
657
658
658
658
660
660
660
662
663
663
663
663
664
666
666
667
667
669
669
669
672
672
674
674
674
675
678
678
680
681
681
681
682
685
686
687
688
688
689
689
690
691
692
693
695
695
697
698
698
698
699
700
700
702
704
704
706
706
707
708
708
709
710
712
713
714
714
714
715
715
716
717
719
719
720
721
721
722
722
722
723
723
725
725
726
727
728
728
728
729
729
730
730
731
731
731
733
735
735
735
736
736
737
737
737
737
738
738
739
740
742
742
743
744
744
745
746
746
747
747
747
748
749
750
750
750
751
751
752
753
754
754
754
755
755
756
758
759
760
761
761
761
762
763
765
766
769
769
770
771
771
772
772
773
773
774
774
775
775
776
776
776
776
778
778
779
779
779
780
781
783
783
783
785
785
785
785
785
786
786
788
790
790
790
791
791
793
793
793
793
794
794
794
794
796
796
797
797
798
799
799
799
799
799
800
801
804
804
805
805
807
808
808
809
809
809
810
811
811
812
813
814
815
815
816
817
819
819
820
820
820
820
821
821
822
822
823
823
824
825
825
826
827
827
828
828
830
832
832
832
835
836
839
841
842
844
845
846
846
847
848
850
851
852
852
852
852
852
855
855
856
856
857
857
858
859
859
859
861
861
861
864
864
864
865
865
865
866
866
867
867
870
871
872
872
874
876
880
881
882
887
888
888
888
889
890
890
891
891
892
893
893
894
895
895
895
896
896
896
898
898
898
900
902
902
904
905
905
906
907
907
908
908
908
910
911
912
913
914
915
915
916
916
917
918
919
920
920
920
921
921
922
922
923
923
924
924
924
925
926
926
927
927
927
929
929
930
930
931
932
932
933
933
933
934
935
936
937
937
938
938
939
939
940
941
943
944
944
945
947
947
948
948
948
949
950
951
953
953
954
954
955
955
955
956
956
957
957
957
960
961
962
966
966
967
969
969
970
970
972
973
974
977
978
980
980
981
982
982
983
987
988
988
989
991
992
994
994
994
995
996
997
997
998
999
1001
1001
1002
1002
1002
1002
1002
1002
1003
1003
1003
1004
1006
1007
1007
1008
1009
1012
1013
1014
1014
1015
1015
1015
1016
1016
1017
1017
1017
1019
1019
1019
1020
1020
1020
1022
1022
1023
1024
1025
1025
1025
1027
1028
1028
1029
1029
1030
1030
1031
1033
1033
1033
1035
1035
1035
1036
1037
1038
1039
1040
1040
1042
1042
1042
1043
1044
1046
1047
1048
1049
1049
1054
1056
1057
1058
1059
1059
1060
1061
1061
1061
1062
1063
1063
1065
1065
1065
1065
1066
1067
1067
1068
1068
1069
1069
1070
1072
1074
1075
1075
1075
1075
1078
1078
1079
1080
1081
1081
1082
1082
1084
1084
1086
1087
1087
1089
1090
1090
1090
1093
1094
1094
1096
1096
1096
1097
1098
1102
1102
1104
1106
1106
1107
1108
1108
1108
1108
1108
1108
1109
1110
1111
1111
1113
1114
1114
1115
1116
1117
1117
1118
1119
1120
1122
1122
1124
1126
1129
1129
1129
1130
1131
1132
1133
1134
1137
1139
1140
1141
1142
1143
1146
1148
1148
1149
1150
1153
1153
1153
1154
1154
1155
1156
1156
1156
1158
1159
1159
1160
1161
1162
1162
1164
1164
1166
1167
1167
1167
1169
1170
1174
1174
1175
1176
1178
1178
1179
1180
1181
1183
1184
1186
1186
1186
1187
1189
1190
1191
1191
1191
1193
1193
1193
1194
1194
1194
1195
1196
1197
1197
1199
1200
1201
1202
1202
1202
1202
1204
1204
1204
1204
1206
1206
1206
1207
1208
1209
1209
1211
1211
1212
1213
1213
1214
1215
1217
1218
1218
1219
1221
1221
1221
1221
1223
1223
1225
1228
1228
1229
1230
1230
1232
1235
1235
1236
1236
1238
1239
1240
1241
1241
1241
1242
1242
1244
1245
1249
1249
1251
1252
1253
1253
1253
1253
1254
1254
1255
1258
1260
1261
1261
1261
1262
1262
1263
1264
1266
1267
1268
1268
1271
1272
1273
1274
1275
1277
1277
1280
1280
1280
1281
1285
1286
1286
1286
1286
1286
1287
1287
1287
1287
1288
1289
1289
1290
1290
1291
1291
1291
1291
1291
1292
1292
1292
1294
1295
1295
1295
1297
1300
1300
1301
1302
1302
1302
1302
1303
1303
1303
1304
1305
1306
1306
1306
1309
1309
1311
1311
1311
1313
1314
1314
1315
1315
1315
1316
1316
1317
1318
1320
1321
1324
1324
1325
1325
1327
1329
1330
1330
1330
1331
1332
1332
1334
1335
1336
1336
1338
1338
1340
1342
1342
1343
1344
1344
1344
1346
1346
1346
1346
1347
1348
1349
1349
1350
1351
1351
1351
1351
1351
1353
1353
1354
1356
1356
1357
1357
1358
1358
1359
1360
1361
1365
1365
1365
1366
1366
1366
1368
1368
1369
1370
1373
1373
1373
1374
1375
1376
1376
1378
1378
1379
1379
1380
1381
1381
1382
1383
1384
1384
1385
1385
1386
1387
1388
1390
1391
1394
1395
1395
1396
1396
1396
1397
1397
1401
1401
1402
1402
1406
1406
1407
1408
1408
1409
1410
1410
1411
1412
1412
1413
1417
1417
1418
1419
1419
1420
1420
1420
1421
1421
1421
1422
1422
1422
1424
1424
1426
1426
1426
1426
1426
1428
1428
1428
1429
1429
1429
1430
1431
1434
1434
1435
1436
1437
1438
1438
1439
1441
1441
1442
1445
1448
1449
1450
1452
1453
1455
1457
1458
1459
1459
1460
1460
1461
1463
1463
1463
1464
1465
1466
1466
1467
1468
1470
1470
1470
1470
1471
1471
1471
1473
1475
1476
1476
1477
1478
1479
1479
1480
1481
1481
1483
1483
1484
1484
1484
1485
1485
1486
1487
1488
1489
1490
1490
1490
1494
1495
1495
1496
1496
1496
1497
1498
1498
1499
1499
1504
1508
1509
1509
1511
1511
1511
1512
1512
1512
1513
1513
1514
1516
1517
1517
1518
1519
1519
1520
1520
1522
1522
1525
1525
1525
1526
1529
1530
1531
1533
1533
1534
1534
1535
1535
1536
1537
1539
1539
1539
1540
1540
1542
1543
1545
1547
1548
1552
1554
1555
1556
1557
1557
1558
1559
1559
1561
1561
1562
1562
1563
1564
1566
1566
1567
1567
1567
1568
1571
1571
1572
1573
1574
1575
1580
1581
1582
1583
1583
1584
1585
1586
1586
1586
1588
1588
1588
1589
1589
1590
1591
1591
1592
1595
1596
1596
1597
1597
1597
1597
1597
1599
1600
1603
1603
1603
1603
1604
1604
1604
1605
1606
1606
1607
1611
1613
1614
1615
1616
1616
1616
1617
1617
1619
1619
1620
1620
1621
1622
1622
1623
1623
1624
1625
1625
1626
1626
1626
1626
1626
1627
1629
1630
1632
1632
1633
1633
1634
1635
1635
1635
1636
1637
1638
1640
1641
1642
1643
1646
1647
1649
1650
1652
1652
1652
1654
1654
1654
1655
1657
1658
1660
1660
1660
1661
1662
1662
1663
1663
1663
1665
1665
1665
1667
1668
1668
1669
1671
1671
1672
1672
1672
1673
1673
1673
1674
1674
1676
1676
1677
1677
1678
1679
1680
1682
1683
1683
1686
1686
1687
1688
1688
1689
1689
1691
1691
1691
1692
1693
1694
1694
1694
1694
1694
1694
1696
1696
1698
1698
1703
1704
1706
1706
1706
1706
1708
1708
1710
1710
1710
1711
1711
1711
1712
1713
1713
1713
1714
1715
1715
1717
1718
1720
1720
1720
1720
1720
1720
1721
1721
1722
1723
1724
1724
1724
1727
1728
1728
1728
1728
1731
1731
1731
1732
1734
1735
1739
1740
1740
1740
1740
1740
1742
1742
1742
1743
1744
1744
1744
1744
1746
1747
1747
1747
1750
1750
1752
1752
1752
1752
1753
1753
1753
1753
1754
1754
1754
1755
1755
1756
1756
1756
1758
1759
1759
1761
1763
1764
1765
1769
1769
1770
1770
1771
1773
1774
1777
1780
1780
1780
1781
1782
1783
1783
1784
1784
1784
1784
1785
1785
1785
1786
1790
1791
1791
1792
1794
1794
1794
1797
1797
1798
1799
1800
1802
1802
1803
1803
1804
1806
1806
1806
1806
1808
1808
1809
1812
1812
1813
1814
1814
1814
1815
1815
1815
1816
1818
1818
1818
1824
1824
1826
1828
1830
1830
1835
1836
1836
1837
1837
1837
1840
1841
1841
1843
1843
1843
1846
1846
1846
1847
1850
1851
1852
1852
1852
1853
1853
1854
1854
1855
1855
1856
1857
1858
1859
1860
1860
1861
1861
1861
1862
1862
1863
1863
1864
1865
1866
1866
1866
1866
1867
1867
1867
1870
1870
1873
1875
1875
1876
1877
1879
1879
1880
1881
1883
1884
1885
1885
1886
1886
1889
1890
1891
1891
1891
1891
1892
1892
1893
1894
1895
1896
1898
1898
1899
1900
1902
1905
1905
1906
1908
1909
1910
1910
1910
1911
1913
1915
1916
1916
1917
1917
1918
1918
1918
1921
1921
1922
1922
1923
1926
1928
1928
1928
1929
1930
1932
1932
1933
1933
1934
1934
1935
1936
1938
1940
1941
1942
1942
1942
1945
1945
1946
1949
1950
1951
1951
1952
1952
1952
1952
1952
1954
1954
1956
1957
1957
1960
1961
1961
1962
1962
1962
1963
1963
1963
1963
1963
1963
1964
1964
1964
1967
1967
1968
1970
1970
1970
1971
1973
1973
1974
1974
1975
1977
1977
1977
1977
1978
1980
1980
1982
1982
1983
1983
1983
1986
1986
1988
1988
1988
1989
1989
1990
1990
1990
1990
1990
1992
1992
1993
1994
1996
1997
1999
1999
2000
2000
2002
2002
2005
2005
2006
2006
2007
2008
2009
2010
2010
2011
2012
2013
2013
2013
2015
2015
2016
2017
2019
2020
2022
2022
2023
2023
2025
2025
2026
2028
2032
2033
2033
2033
2034
2034
2034
2035
2035
2035
2036
2037
2037
2037
2038
2040
2041
2041
2042
2042
2044
2046
2046
2047
2049
2049
2049
2050
2051
2052
2053
2053
2054
2054
2055
2055
2055
2057
2057
2058
2059
2060
2061
2062
2062
2063
2063
2063
2063
2064
2064
2065
2065
2066
2066
2067
2068
2068
2068
2069
2070
2070
2070
2072
2074
2075
2075
2076
2076
2078
2078
2079
2079
2079
2080
2081
2085
2086
2086
2086
2087
2087
2087
2087
2089
2090
2090
2090
2091
2092
2094
2095
2095
2096
2096
2097
2097
2098
2099
2099
2100
2101
2101
2102
2105
2105
2107
2109
2113
2113
2114
2114
2116
2117
2117
2118
2118
2119
2120
2121
2124
2128
2128
2128
2128
2130
2132
2133
2135
2135
2138
2139
2139
2139
2140
2140
2141
2141
2143
2144
2145
2147
2147
2147
2149
2149
2149
2150
2151
2152
2152
2153
2153
2153
2154
2154
2155
2156
2156
2156
2158
2158
2159
2160
2160
2163
2165
2165
2169
2170
2172
2172
2172
2173
2173
2173
2173
2176
2176
2177
2178
2179
2179
2181
2181
2182
2182
2182
2183
2183
2184
2185
2185
2186
2190
2190
2192
2192
2193
2195
2196
2197
2197
2197
2198
2201
2201
2204
2204
2204
2205
2206
2206
2206
2207
2207
2207
2209
2209
2209
2210
2210
2211
2212
2213
2213
2213
2215
2216
2216
2216
2216
2216
2216
2217
2219
2219
2220
2224
2225
2228
2228
2230
2231
2232
2232
2232
2233
2233
2235
2236
2236
2237
2237
2237
2238
2238
2238
2238
2239
2241
2242
2242
2243
2243
2243
2245
2246
2246
2247
2248
2248
2249
2250
2251
2252
2253
2255
2255
2256
2256
2257
2257
2258
2258
2260
2261
2263
2263
2264
2264
2265
2266
2267
2269
2269
2269
2269
2270
2273
2274
2274
2274
2274
2275
2276
2278
2278
2280
2280
2280
2280
2282
2283
2283
2284
2286
2288
2289
2291
2291
2293
2294
2297
2297
2300
2301
2301
2301
2302
2303
2305
2305
2305
2309
2309
2309
2310
2310
2311
2312
2314
2314
2315
2315
2315
2316
2316
2317
2318
2318
2318
2319
2319
2319
2320
2321
2321
2323
2323
2324
2324
2326
2326
2326
2329
2329
2329
2329
2330
2330
2332
2335
2335
2336
2336
2337
2338
2338
2338
2341
2343
2345
2345
2345
2345
2346
2346
2346
2347
2348
2348
2349
2349
2350
2350
2351
2353
2356
2356
2357
2357
2357
2357
2358
2358
2359
2359
2359
2360
2364
2366
2367
2368
2369
2369
2370
2370
2370
2372
2372
2374
2374
2375
2376
2376
2378
2380
2381
2383
2383
2384
2384
2384
2386
2386
2386
2389
2390
2392
2392
2392
2393
2393
2394
2395
2396
2396
2398
2398
2400
2401
2402
2404
2405
2407
2407
2407
2408
2408
2410
2410
2410
2413
2414
2415
2415
2416
2416
2416
2417
2418
2418
2419
2421
2421
2429
2430
2430
2430
2431
2435
2435
2438
2439
2440
2441
2441
2441
2442
2444
2444
2445
2445
2445
2446
2446
2449
2450
2450
2451
2451
2452
2453
2454
2454
2454
2455
2455
2456
2456
2456
2458
2460
2462
2463
2463
2463
2463
2465
2466
2467
2467
2468
2468
2469
2469
2470
2470
2471
2471
2473
2474
2474
2475
2476
2479
2479
2480
2480
2480
2481
2482
2483
2483
2484
2486
2489
2490
2491
2491
2492
2494
2498
2498
2499
2501
2502
2502
2503
2503
2503
2503
2504
2504
2505
2507
2507
2507
2507
2509
2509
2509
2510
2510
2512
2513
2513
2515
2515
2515
2516
2516
2516
2516
2517
2520
2520
2520
2520
2520
2520
2521
2521
2521
2522
2522
2522
2522
2524
2524
2524
2525
2525
2525
2525
2525
2526
2528
2530
2531
2531
2531
2532
2534
2535
2536
2536
2536
2537
2537
2537
2538
2538
2540
2541
2541
2543
2544
2544
2545
2546
2546
2546
2548
2548
2548
2548
2550
2550
2551
2553
2555
2557
2559
2560
2563
2563
2564
2565
2566
2566
2566
2566
2567
2568
2568
2571
2572
2573
2573
2573
2574
2575
2575
2575
2576
2576
2578
2579
2579
2580
2581
2581
2582
2582
2582
2583
2583
2584
2584
2585
2585
2585
2586
2586
2587
2588
2588
2589
2589
2590
2590
2590
2590
2593
2593
2593
2594
2594
2595
2595
2597
2597
2599
2599
2600
2603
2603
2605
2605
2606
2606
2608
2608
2610
2611
2612
2612
2612
2613
2613
2614
2615
2615
2619
2620
2620
2622
2624
2624
2627
2627
2627
2627
2628
2628
2628
2628
2629
2630
2631
2632
2632
2633
2635
2635
2636
2636
2636
2636
2636
2637
2637
2638
2640
2642
2642
2642
2643
2644
2645
2645
2646
2647
2649
2649
2652
2656
2656
2656
2658
2660
2660
2663
2663
2666
2666
2669
2670
2670
2670
2671
2671
2671
2672
2672
2673
2673
2674
2674
2675
2675
2675
2676
2676
2679
2680
2681
2681
2683
2684
2686
2688
2690
2692
2695
2695
2695
2695
2698
2699
2701
2702
2702
2703
2704
2704
2705
2706
2707
2707
2707
2709
2709
2709
2710
2713
2714
2715
2715
2716
2717
2718
2719
2719
2721
2721
2722
2723
2724
2725
2726
2726
2727
2728
2729
2731
2731
2731
2731
2733
2734
2734
2735
2735
2736
2737
2737
2739
2740
2741
2741
2742
2743
2743
2744
2744
2744
2745
2745
2747
2748
2750
2752
2752
2753
2754
2754
2756
2757
2757
2759
2759
2760
2760
2761
2763
2764
2765
2765
2765
2765
2766
2766
2767
2768
2768
2769
2769
2770
2770
2770
2771
2771
2771
2774
2774
2775
2776
2777
2777
2779
2779
2780
2781
2781
2781
2783
2784
2785
2785
2785
2786
2788
2788
2788
2791
2792
2792
2793
2794
2795
2796
2796
2796
2798
2798
2799
2800
2802
2802
2802
2805
2809
2809
2809
2810
2811
2812
2813
2815
2816
2816
2816
2817
2818
2819
2819
2820
2822
2823
2823
2824
2826
2827
2827
2827
2829
2829
2830
2831
2835
2836
2836
2836
2837
2839
2839
2840
2842
2843
2844
2844
2844
2845
2846
2847
2850
2853
2854
2857
2858
2861
2864
2864
2864
2866
2866
2869
2870
2870
2870
2870
2871
2874
2876
2876
2877
2885
2886
2887
2889
2891
2893
2893
2893
2893
2894
2899
2900
2900
2901
2903
2903
2903
2904
2905
2906
2906
2906
2909
2909
2911
2912
2913
2915
2915
2915
2916
2918
2918
2918
2920
2920
2920
2920
2921
2921
2922
2923
2923
2924
2924
2924
2926
2927
2929
2930
2933
2933
2935
2937
2939
2940
2941
2944
2944
2944
2944
2946
2947
2947
2949
2951
2952
2953
2953
2955
2957
2958
2960
2961
2961
2961
2961
2962
2962
2963
2963
2964
2964
2967
2968
2969
2970
2972
2973
2974
2974
2974
2975
2979
2980
2982
2982
2982
2983
2984
2984
2986
2986
2986
2986
2986
2987
2987
2987
2989
2989
2990
2990
2991
2991
2992
2992
2992
2994
2994
2995
2996
2997
2999
2999
3000
3000
3002
3003
3005
3005
3007
3008
3008
3011
3011
3012
3013
3013
3014
3015
3015
3016
3018
3019
3020
3020
3022
3022
3026
3031
3031
3032
3032
3033
3033
3033
3034
3034
3035
3035
3036
3037
3038
3038
3038
3038
3040
3040
3043
3045
3047
3047
3048
3048
3048
3049
3051
3051
3052
3053
3053
3053
3055
3055
3056
3056
3056
3057
3058
3059
3062
3065
3066
3067
3068
3074
3076
3078
3078
3079
3079
3079
3080
3080
3082
3082
3083
3083
3083
3084
3085
3087
3087
3088
3092
3092
3094
3095
3096
3097
3097
3098
3098
3101
3103
3104
3107
3107
3107
3108
3110
3111
3112
3112
3112
3113
3114
3114
3116
3116
3117
3118
3120
3121
3121
3122
3123
3124
3124
3124
3126
3126
3127
3128
3128
3129
3129
3132
3132
3133
3133
3136
3137
3138
3141
3142
3142
3144
3144
3146
3146
3147
3147
3147
3148
3150
3152
3153
3153
3153
3156
3156
3157
3157
3158
3158
3158
3160
3161
3162
3165
3167
3168
3169
3169
3171
3174
3175
3176
3176
3177
3178
3179
3181
3182
3184
3184
3185
3188
3189
3189
3190
3190
3191
3191
3192
3193
3194
3196
3197
3197
3199
3199
3200
3201
3202
3202
3202
3202
3206
3209
3210
3210
3210
3211
3211
3212
3212
3212
3212
3215
3218
3218
3219
3219
3219
3222
3222
3223
3224
3225
3225
3225
3226
3227
3230
3232
3232
3233
3234
3235
3236
3240
3241
3242
3245
3246
3247
3247
3248
3249
3249
3250
3251
3251
3251
3252
3253
3258
3258
3262
3262
3263
3265
3265
3267
3269
3269
3269
3272
3272
3273
3273
3273
3274
3274
3277
3278
3279
3280
3281
3282
3282
3283
3284
3288
3288
3289
3290
3290
3291
3291
3292
3293
3293
3294
3294
3295
3295
3299
3303
3304
3307
3310
3311
3312
3312
3314
3315
3315
3315
3316
3316
3318
3318
3321
3325
3326
3328
3329
3330
3332
3332
3334
3334
3335
3335
3336
3337
3337
3338
3338
3338
3338
3342
3343
3344
3345
3345
3345
3347
3348
3351
3351
3352
3353
3359
3360
3361
3361
3361
3361
3362
3364
3366
3366
3368
3369
3371
3371
3372
3372
3372
3375
3378
3378
3379
3380
3381
3381
3382
3382
3383
3385
3385
3385
3386
3386
3389
3390
3391
3392
3392
3393
3394
3395
3396
3397
3398
3398
3398
3398
3399
3400
3400
3403
3404
3405
3405
3406
3408
3409
3410
3411
3413
3414
3414
3415
3415
3415
3416
3416
3417
3418
3419
3420
3422
3422
3423
3425
3426
3427
3427
3428
3428
3430
3430
3431
3432
3433
3435
3436
3437
3440
3441
3441
3441
3442
3442
3443
3445
3447
3448
3448
3449
3449
3451
3452
3453
3454
3455
3456
3457
3457
3457
3458
3458
3459
3460
3460
3461
3463
3464
3465
3465
3467
3467
3468
3471
3476
3476
3478
3478
3478
3478
3479
3480
3482
3482
3482
3484
3485
3488
3489
3489
3493
3494
3495
3497
3498
3498
3498
3498
3500
3500
3502
3504
3504
3505
3506
3508
3508
3511
3512
3512
3513
3513
3513
3514
3516
3516
3516
3517
3517
3517
3517
3520
3522
3522
3523
3526
3527
3529
3529
3533
3536
3536
3536
3538
3538
3539
3540
3541
3541
3542
3542
3544
3545
3545
3546
3547
3548
3549
3554
3555
3555
3557
3560
3561
3562
3562
3564
3566
3568
3569
3570
3571
3572
3573
3574
3575
3575
3578
3578
3578
3579
3583
3585
3587
3588
3588
3589
3591
3591
3591
3591
3592
3597
3600
3601
3602
3602
3605
3605
3605
3606
3608
3609
3610
3610
3611
3614
3615
3616
3617
3617
3618
3619
3619
3621
3621
3623
3624
3626
3627
3628
3629
3629
3630
3630
3630
3632
3632
3635
3635
3636
3636
3641
3642
3642
3643
3643
3644
3644
3645
3647
3647
3649
3649
3649
3650
3650
3652
3654
3655
3660
3661
3663
3663
3664
3667
3668
3670
3676
3676
3676
3682
3685
3685
3686
3687
3688
3688
3690
3691
3692
3692
3693
3693
3694
3695
3695
3697
3699
3702
3702
3707
3711
3713
3715
3715
3715
3717
3717
3718
3719
3720
3720
3722
3723
3725
3727
3728
3729
3729
3729
3731
3731
3735
3735
3736
3738
3739
3742
3742
3743
3744
3749
3752
3753
3754
3754
3754
3755
3759
3760
3761
3763
3764
3764
3764
3765
3765
3765
3769
3771
3772
3774
3774
3775
3775
3775
3776
3776
3777
3778
3779
3780
3781
3781
3782
3783
3783
3784
3784
3785
3786
3787
3788
3789
3789
3794
3794
3794
3795
3797
3797
3797
3799
3799
3800
3801
3802
3806
3807
3809
3812
3813
3814
3816
3817
3819
3819
3820
3822
3823
3826
3827
3827
3831
3834
3834
3835
3835
3835
3835
3841
3843
3844
3846
3852
3853
3853
3855
3858
3858
3861
3861
3862
3862
3863
3863
3864
3865
3865
3866
3868
3868
3868
3868
3868
3870
3871
3872
3873
3875
3876
3876
3878
3879
3881
3883
3883
3883
3884
3885
3887
3887
3888
3890
3890
3890
3891
3892
3892
3893
3894
3895
3895
3896
3896
3896
3900
3906
3906
3906
3908
3910
3911
3913
3914
3916
3916
3916
3916
3916
3917
3918
3919
3920
3922
3925
3926
3927
3928
3928
3932
3933
3933
3934
3934
3934
3934
3935
3936
3936
3938
3938
3940
3941
3942
3943
3948
3949
3949
3950
3950
3953
3953
3954
3954
3954
3956
3958
3959
3959
3960
3961
3961
3963
3963
3965
3965
3968
3968
3969
3970
3970
3972
3972
3973
3973
3975
3976
3976
3977
3977
3978
3979
3981
3982
3984
3984
3986
3987
3987
3988
3990
3991
3991
3991
3993
3996
3998
3999
3999
4000
4002
4003
4003
4004
4005
4005
4006
4007
4008
4009
4010
4011
4014
4015
4016
4016
4016
4018
4018
4018
4018
4019
4023
4023
4023
4025
4026
4026
4027
4027
4027
4030
4030
4031
4033
4033
4033
4033
4034
4034
4035
4037
4038
4039
4041
4043
4043
4044
4044
4045
4046
4047
4047
4048
4048
4051
4052
4052
4052
4053
4053
4053
4054
4057
4058
4059
4059
4060
4062
4063
4063
4064
4065
4065
4065
4065
4068
4068
4068
4068
4071
4072
4074
4075
4076
4076
4078
4079
4079
4079
4079
4081
4083
4083
4084
4085
4086
4088
4088
4089
4089
4089
4090
4091
4091
4091
4093
4093
4094
4095
4100
4100
4100
4101
4101
4102
4102
4103
4105
4105
4105
4107
4110
4113
4114
4114
4116
4116
4118
4118
4118
4121
4121
4122
4123
4123
4123
4124
4124
4125
4126
4127
4128
4128
4129
4131
4132
4134
4134
4135
4136
4136
4137
4137
4139
4141
4141
4141
4142
4144
4144
4144
4145
4145
4145
4146
4147
4151
4152
4154
4154
4155
4156
4157
4158
4159
4159
4162
4163
4164
4165
4168
4168
4169
4169
4170
4170
4171
4173
4174
4174
4174
4175
4177
4177
4179
4179
4182
4186
4187
4187
4189
4189
4189
4189
4191
4193
4195
4196
4196
4197
4199
4200
4201
4201
4202
4202
4203
4207
4208
4209
4209
4211
4212
4212
4213
4213
4214
4214
4219
4219
4220
4221
4222
4223
4223
4223
4224
4224
4225
4227
4227
4227
4227
4227
4227
4228
4232
4233
4234
4237
4238
4238
4239
4240
4240
4240
4241
4241
4243
4243
4246
4248
4249
4249
4251
4251
4251
4255
4255
4256
4257
4259
4259
4261
4262
4263
4265
4265
4266
4266
4268
4271
4273
4275
4278
4280
4280
4280
4281
4284
4284
4285
4286
4291
4295
4295
4296
4297
4299
4300
4301
4305
4306
4310
4310
4311
4311
4312
4314
4315
4316
4316
4317
4320
4322
4324
4325
4325
4326
4328
4329
4329
4329
4330
4330
4332
4332
4332
4335
4337
4338
4338
4343
4344
4344
4346
4346
4347
4349
4351
4353
4355
4355
4356
4357
4357
4358
4360
4361
4364
4365
4365
4365
4366
4367
4368
4369
4370
4370
4370
4373
4374
4374
4374
4375
4375
4378
4378
4380
4382
4382
4383
4384
4386
4386
4387
4388
4392
4393
4395
4396
4396
4397
4397
4400
4400
4401
4402
4403
4404
4404
4405
4407
4408
4408
4409
4412
4412
4412
4413
4415
4415
4418
4418
4420
4420
4421
4421
4423
4424
4429
4430
4431
4432
4432
4434
4434
4435
4436
4437
4438
4439
4439
4439
4439
4440
4440
4443
4444
4445
4445
4446
4447
4447
4448
4449
4449
4450
4450
4450
4451
4451
4451
4451
4453
4454
4456
4456
4456
4457
4458
4459
4460
4460
4461
4463
4466
4466
4469
4470
4472
4472
4474
4474
4477
4480
4486
4486
4487
4487
4487
4489
4489
4492
4493
4494
4495
4496
4496
4498
4504
4505
4506
4507
4509
4510
4513
4514
4515
4516
4520
4521
4521
4524
4524
4525
4525
4526
4526
4527
4527
4527
4528
4528
4530
4530
4531
4532
4532
4533
4535
4536
4536
4537
4541
4541
4545
4545
4547
4550
4551
4552
4552
4553
4553
4554
4555
4556
4556
4559
4562
4563
4563
4563
4566
4568
4569
4569
4570
4570
4571
4571
4572
4572
4573
4574
4575
4576
4576
4577
4578
4580
4581
4582
4583
4585
4587
4588
4589
4590
4591
4592
4592
4593
4596
4598
4599
4599
4599
4600
4600
4600
4601
4603
4605
4608
4608
4609
4610
4611
4611
4611
4612
4612
4612
4613
4614
4614
4614
4614
4615
4619
4619
4622
4622
4622
4623
4625
4625
4625
4629
4630
4631
4631
4633
4638
4640
4641
4642
4643
4646
4647
4647
4649
4649
4650
4653
4653
4654
4655
4655
4657
4659
4660
4663
4665
4666
4666
4666
4666
4667
4668
4670
4673
4673
4676
4677
4677
4679
4680
4680
4681
4682
4683
4683
4684
4684
4684
4689
4690
4690
4690
4692
4692
4694
4694
4695
4696
4697
4698
4698
4700
4701
4704
4704
4706
4706
4709
4710
4716
4717
4717
4720
4720
4721
4721
4722
4723
4724
4724
4725
4725
4727
4728
4728
4729
4730
4730
4733
4735
4735
4739
4740
4741
4741
4742
4743
4745
4745
4747
4748
4749
4750
4751
4752
4753
4754
4756
4757
4757
4759
4765
4765
4766
4767
4768
4770
4772
4773
4774
4775
4776
4777
4777
4778
4779
4779
4780
4780
4780
4780
4781
4782
4783
4784
4784
4788
4792
4794
4795
4795
4797
4800
4801
4802
4803
4803
4803
4804
4807
4807
4810
4811
4815
4815
4816
4816
4818
4819
4821
4823
4825
4826
4827
4827
4829
4832
4834
4834
4836
4837
4837
4839
4841
4846
4847
4847
4848
4851
4851
4854
4856
4856
4858
4859
4859
4860
4860
4864
4864
4865
4865
4865
4867
4867
4867
4867
4868
4868
4871
4871
4872
4872
4872
4872
4872
4873
4875
4875
4876
4877
4877
4878
4878
4878
4880
4880
4885
4887
4894
4895
4895
4896
4897
4898
4899
4899
4903
4903
4904
4906
4908
4908
4909
4909
4910
4911
4912
4913
4913
4914
4915
4915
4916
4916
4917
4918
4921
4922
4922
4926
4927
4927
4927
4927
4927
4928
4931
4931
4932
4932
4932
4933
4934
4934
4934
4934
4936
4938
4939
4940
4940
4941
4942
4943
4946
4947
4947
4948
4950
4952
4952
4952
4953
4953
4953
4954
4955
4959
4960
4962
4964
4964
4966
4967
4967
4968
4970
4972
4972
4973
4973
4974
4975
4978
4979
4981
4981
4981
4982
4983
4984
4985
4986
4986
4987
4989
4990
4992
4993
4994
4994
4997
4997
4998
5001
5001
5002
5004
5006
5006
5009
5009
5010
5011
5011
5012
5014
5014
5015
5016
5016
5017
5020
5022
5024
5025
5026
5027
5027
5028
5028
5028
5029
5031
5033
5035
5035
5040
5040
5041
5043
5045
5046
5046
5048
5049
5050
5051
5053
5055
5055
5055
5056
5056
5057
5058
5060
5061
5062
5062
5063
5063
5065
5065
5067
5068
5068
5068
5070
5071
5072
5072
5073
5074
5079
5079
5083
5084
5084
5085
5088
5088
5088
5089
5091
5093
5093
5094
5094
5094
5097
5097
5098
5099
5099
5100
5101
5103
5103
5103
5105
5105
5106
5108
5108
5109
5110
5112
5112
5113
5113
5116
5117
5118
5121
5122
5123
5123
5124
5125
5128
5130
5131
5132
5132
5133
5133
5134
5134
5134
5135
5136
5136
5138
5138
5139
5140
5140
5141
5142
5143
5143
5150
5150
5150
5151
5152
5153
5153
5154
5155
5155
5158
5159
5159
5161
5161
5161
5164
5164
5165
5167
5172
5172
5173
5175
5176
5178
5178
5179
5179
5180
5181
5183
5184
5184
5185
5185
5188
5189
5191
5195
5196
5201
5201
5201
5202
5204
5205
5205
5205
5206
5207
5207
5207
5209
5210
5212
5213
5214
5214
5215
5216
5216
5216
5217
5217
5218
5220
5220
5221
5221
5221
5222
5223
5224
5225
5225
5225
5229
5231
5232
5232
5234
5235
5235
5236
5238
5240
5240
5241
5241
5241
5243
5244
5247
5247
5248
5249
5250
5250
5250
5250
5255
5256
5256
5257
5258
5259
5260
5260
5260
5260
5264
5265
5266
5266
5267
5267
5269
5269
5269
5272
5273
5274
5275
5277
5280
5280
5280
5280
5281
5282
5282
5282
5282
5283
5283
5283
5286
5286
5289
5290
5294
5296
5296
5296
5297
5297
5298
5298
5301
5305
5305
5307
5307
5308
5308
5308
5308
5310
5312
5314
5314
5315
5316
5317
5319
5321
5322
5322
5324
5325
5327
5329
5329
5330
5331
5331
5333
5335
5335
5337
5337
5337
5339
5340
5341
5341
5342
5342
5344
5345
5345
5346
5348
5349
5350
5350
5351
5353
5355
5356
5357
5358
5360
5362
5363
5364
5364
5364
5365
5365
5365
5366
5366
5369
5370
5370
5370
5371
5372
5375
5375
5376
5377
5380
5382
5382
5383
5384
5386
5386
5387
5387
5388
5390
5390
5391
5396
5399
5402
5405
5405
5406
5410
5410
5410
5411
5411
5412
5413
5415
5416
5416
5416
5417
5417
5419
5420
5420
5420
5423
5424
5426
5429
5431
5431
5434
5435
5436
5436
5437
5437
5439
5440
5440
5440
5442
5443
5446
5446
5448
5449
5449
5449
5449
5451
5451
5454
5455
5455
5456
5456
5456
5456
5459
5459
5460
5462
5466
5467
5471
5471
5471
5472
5475
5475
5476
5476
5477
5477
5478
5478
5478
5478
5478
5480
5481
5482
5483
5484
5484
5484
5484
5484
5485
5486
5487
5491
5492
5492
5493
5494
5494
5495
5497
5498
5498
5499
5501
5502
5503
5505
5506
5506
5506
5509
5509
5511
5514
5514
5516
5517
5518
5521
5523
5526
5527
5527
5528
5529
5531
5535
5535
5535
5538
5541
5543
5544
5544
5546
5546
5547
5549
5549
5549
5550
5551
5555
5556
5557
5557
5560
5560
5561
5562
5564
5564
5569
5569
5570
5573
5574
5574
5575
5575
5577
5579
5580
5580
5580
5582
5586
5588
5588
5589
5590
5593
5594
5594
5595
5596
5597
5597
5597
5598
5599
5599
5601
5602
5603
5604
5604
5606
5607
5609
5610
5612
5612
5612
5613
5613
5614
5617
5618
5618
5622
5623
5623
5623
5626
5628
5630
5631
5631
5632
5633
5636
5640
5641
5643
5646
5646
5647
5649
5649
5650
5650
5652
5652
5653
5653
5653
5656
5656
5656
5657
5659
5661
5661
5663
5663
5664
5664
5664
5665
5667
5668
5669
5671
5671
5675
5675
5677
5678
5678
5678
5681
5681
5686
5686
5686
5688
5690
5690
5690
5691
5691
5691
5693
5695
5696
5697
5700
5702
5703
5703
5704
5706
5707
5709
5711
5712
5712
5713
5713
5714
5714
5716
5717
5717
5718
5718
5719
5719
5720
5720
5720
5720
5721
5723
5723
5724
5725
5725
5726
5727
5730
5730
5731
5734
5734
5735
5736
5739
5740
5740
5741
5746
5747
5749
5750
5751
5751
5751
5752
5754
5755
5758
5758
5759
5759
5759
5760
5762
5763
5767
5768
5769
5773
5774
5775
5775
5777
5777
5782
5783
5783
5785
5786
5787
5789
5790
5793
5794
5794
5794
5794
5794
5796
5797
5797
5799
5800
5801
5802
5802
5805
5807
5810
5811
5812
5812
5813
5814
5815
5815
5815
5818
5819
5820
5820
5820
5820
5821
5821
5821
5824
5825
5825
5826
5827
5829
5829
5830
5833
5833
5835
5836
5838
5840
5840
5840
5841
5843
5843
5845
5846
5847
5848
5849
5850
5850
5851
5854
5854
5854
5855
5855
5857
5858
5858
5863
5863
5870
5871
5873
5873
5873
5873
5873
5874
5874
5875
5876
5878
5878
5879
5881
5882
5883
5883
5886
5887
5888
5888
5889
5889
5890
5892
5893
5893
5894
5894
5897
5899
5900
5901
5904
5905
5906
5906
5908
5911
5912
5913
5914
5918
5918
5918
5919
5919
5921
5921
5922
5925
5925
5925
5926
5926
5928
5931
5934
5939
5940
5943
5944
5944
5944
5946
5947
5947
5950
5950
5950
5951
5952
5953
5953
5955
5955
5956
5958
5960
5961
5963
5965
5966
5967
5969
5973
5977
5978
5981
5984
5987
5988
5989
5992
5992
5994
5995
5995
5997
6000
6000
6001
6002
6003
6004
6005
6008
6009
6010
6011
6011
6014
6020
6020
6021
6021
6022
6023
6023
6023
6024
6024
6025
6025
6026
6030
6033
6034
6035
6035
6035
6035
6035
6036
6037
6039
6039
6040
6044
6045
6046
6047
6047
6051
6051
6054
6054
6056
6057
6057
6057
6058
6058
6058
6059
6067
6067
6070
6070
6070
6071
6071
6071
6071
6073
6074
6075
6076
6077
6079
6079
6082
6082
6083
6083
6085
6085
6087
6087
6089
6090
6091
6093
6093
6095
6097
6098
6100
6100
6101
6101
6103
6103
6105
6106
6106
6106
6107
6107
6109
6109
6111
6112
6114
6114
6114
6118
6121
6121
6123
6125
6125
6126
6126
6128
6130
6130
6133
6133
6137
6137
6140
6140
6140
6141
6142
6143
6143
6149
6149
6149
6150
6150
6150
6152
6153
6155
6156
6158
6158
6161
6162
6163
6163
6167
6167
6169
6171
6173
6173
6174
6174
6175
6176
6177
6181
6183
6184
6185
6185
6187
6187
6188
6189
6190
6194
6198
6198
6199
6199
6202
6205
6206
6207
6208
6208
6208
6211
6213
6216
6216
6217
6218
6219
6219
6222
6222
6223
6224
6224
6224
6224
6225
6225
6227
6227
6228
6228
6229
6229
6229
6231
6231
6231
6234
6235
6235
6237
6238
6239
6239
6239
6240
6242
6242
6242
6243
6243
6243
6244
6245
6246
6246
6247
6248
6250
6250
6251
6252
6252
6253
6255
6255
6257
6261
6262
6262
6263
6264
6265
6268
6270
6271
6271
6272
6276
6278
6279
6280
6281
6281
6281
6284
6284
6285
6286
6286
6287
6288
6289
6291
6292
6292
6292
6292
6292
6295
6295
6296
6300
6301
6301
6302
6302
6304
6306
6306
6306
6308
6309
6309
6310
6311
6311
6311
6312
6312
6315
6315
6315
6316
6321
6324
6326
6327
6327
6327
6329
6329
6330
6332
6334
6335
6335
6335
6336
6341
6343
6343
6343
6343
6344
6345
6345
6347
6348
6349
6349
6349
6351
6351
6351
6351
6351
6355
6356
6356
6357
6358
6358
6360
6360
6360
6361
6361
6361
6361
6362
6363
6364
6370
6371
6372
6372
6374
6376
6377
6377
6378
6378
6381
6382
6382
6382
6383
6383
6383
6383
6384
6385
6386
6386
6386
6387
6390
6391
6391
6394
6395
6395
6397
6400
6400
6401
6402
6406
6406
6411
6413
6413
6416
6417
6417
6418
6418
6420
6421
6421
6422
6422
6422
6424
6426
6426
6428
6432
6432
6433
6433
6435
6435
6436
6437
6438
6438
6440
6442
6442
6444
6446
6447
6451
6451
6451
6451
6451
6453
6455
6455
6456
6457
6459
6460
6464
6464
6467
6469
6470
6471
6472
6473
6473
6474
6475
6475
6476
6476
6477
6480
6481
6481
6482
6483
6484
6484
6485
6489
6489
6490
6491
6492
6492
6492
6493
6493
6495
6496
6498
6499
6499
6499
6499
6500
6503
6505
6507
6507
6507
6509
6511
6511
6511
6512
6513
6515
6515
6516
6517
6518
6519
6519
6523
6524
6526
6526
6528
6528
6530
6530
6531
6531
6534
6536
6539
6539
6541
6541
6542
6542
6542
6546
6546
6546
6546
6549
6550
6551
6552
6554
6556
6557
6558
6561
6562
6563
6564
6564
6566
6566
6567
6568
6569
6572
6574
6576
6577
6578
6578
6579
6580
6580
6582
6582
6585
6588
6592
6592
6593
6593
6596
6596
6597
6597
6598
6598
6599
6599
6603
6605
6606
6606
6610
6610
6611
6614
6614
6616
6617
6617
6617
6618
6620
6624
6624
6625
6625
6626
6626
6626
6627
6628
6628
6631
6634
6635
6635
6636
6640
6640
6641
6641
6641
6642
6643
6643
6643
6643
6645
6646
6647
6647
6647
6648
6651
6651
6653
6654
6654
6654
6655
6658
6659
6662
6664
6664
6665
6665
6668
6668
6669
6669
6669
6669
6672
6674
6674
6675
6675
6676
6677
6679
6679
6680
6682
6682
6683
6685
6686
6688
6689
6691
6694
6694
6694
6696
6696
6697
6697
6698
6698
6698
6699
6701
6706
6708
6708
6711
6712
6712
6712
6713
6714
6714
6715
6716
6720
6722
6727
6727
6729
6729
6731
6734
6735
6737
6738
6738
6740
6745
6746
6747
6748
6748
6749
6749
6750
6751
6752
6753
6754
6754
6754
6755
6756
6757
6758
6758
6759
6760
6761
6762
6762
6763
6765
6766
6766
6766
6768
6768
6769
6770
6774
6776
6779
6779
6779
6781
6784
6786
6787
6788
6790
6790
6790
6790
6790
6790
6793
6793
6793
6793
6795
6795
6795
6796
6797
6797
6797
6798
6799
6802
6803
6804
6804
6805
6805
6805
6806
6807
6807
6810
6810
6811
6811
6812
6812
6812
6812
6813
6814
6817
6819
6820
6821
6823
6826
6826
6828
6829
6829
6830
6831
6831
6834
6838
6842
6845
6846
6846
6846
6849
6849
6850
6850
6851
6851
6851
6852
6852
6854
6855
6856
6857
6857
6858
6858
6858
6859
6859
6862
6862
6865
6867
6867
6869
6870
6871
6872
6875
6876
6877
6878
6881
6881
6882
6885
6886
6887
6888
6888
6888
6888
6889
6890
6890
6891
6891
6891
6894
6895
6896
6896
6899
6899
6900
6901
6902
6902
6902
6903
6904
6905
6907
6908
6909
6911
6911
6911
6912
6912
6913
6913
6914
6914
6914
6918
6919
6920
6920
6921
6922
6923
6923
6926
6926
6927
6928
6928
6929
6929
6930
6932
6932
6932
6932
6935
6937
6938
6938
6939
6939
6940
6940
6941
6943
6944
6947
6948
6949
6949
6949
6950
6952
6953
6954
6957
6958
6960
6960
6961
6961
6962
6962
6962
6964
6964
6966
6973
6975
6977
6978
6978
6982
6983
6986
6987
6988
6989
6989
6991
6991
6993
6995
6998
6998
6999
7000
7000
7003
7004
7005
7008
7008
7009
7011
7012
7014
7014
7015
7015
7017
7022
7022
7023
7024
7024
7024
7026
7027
7027
7027
7028
7030
7030
7033
7034
7034
7034
7035
7036
7039
7039
7041
7041
7044
7045
7047
7049
7050
7053
7054
7054
7056
7057
7057
7057
7058
7059
7064
7065
7065
7065
7066
7066
7069
7069
7069
7071
7072
7072
7074
7079
7083
7083
7085
7086
7087
7087
7089
7090
7090
7091
7092
7092
7095
7098
7098
7098
7099
7099
7102
7102
7106
7106
7107
7107
7108
7108
7108
7112
7112
7113
7114
7116
7116
7116
7117
7121
7121
7124
7126
7127
7127
7129
7130
7130
7131
7132
7136
7140
7140
7140
7141
7141
7144
7146
7148
7149
7149
7150
7151
7154
7157
7157
7157
7161
7161
7162
7165
7165
7166
7167
7167
7168
7169
7169
7170
7170
7170
7171
7172
7172
7173
7173
7174
7174
7177
7177
7177
7179
7181
7181
7183
7184
7185
7185
7185
7188
7188
7188
7189
7189
7189
7194
7197
7199
7199
7201
7202
7205
7206
7206
7206
7207
7210
7212
7213
7213
7213
7216
7217
7218
7219
7219
7223
7224
7225
7225
7226
7228
7229
7230
7233
7236
7238
7239
7239
7239
7239
7242
7243
7244
7244
7246
7246
7247
7247
7249
7250
7252
7252
7252
7254
7255
7257
7258
7258
7259
7263
7264
7266
7268
7268
7268
7268
7271
7272
7275
7276
7277
7277
7281
7282
7283
7283
7284
7284
7287
7288
7289
7289
7289
7290
7291
7293
7294
7297
7297
7297
7297
7297
7298
7298
7299
7299
7300
7301
7302
7303
7303
7304
7304
7305
7305
7306
7307
7309
7309
7309
7309
7310
7310
7310
7311
7312
7312
7316
7319
7321
7323
7323
7325
7330
7331
7333
7333
7333
7334
7334
7337
7337
7338
7339
7341
7343
7344
7345
7346
7346
7347
7347
7348
7352
7352
7354
7354
7356
7357
7357
7357
7360
7360
7360
7365
7366
7368
7368
7369
7369
7370
7370
7371
7372
7375
7375
7378
7380
7381
7383
7384
7385
7385
7385
7385
7387
7387
7388
7390
7390
7395
7395
7397
7398
7399
7399
7400
7402
7404
7405
7406
7406
7406
7407
7409
7411
7413
7414
7416
7416
7417
7419
7420
7420
7420
7421
7421
7422
7426
7427
7428
7428
7431
7431
7431
7432
7432
7433
7434
7434
7434
7435
7437
7437
7441
7443
7445
7445
7449
7452
7453
7454
7455
7456
7457
7458
7458
7460
7461
7462
7462
7463
7464
7465
7465
7468
7468
7469
7470
7471
7474
7474
7474
7477
7477
7479
7482
7482
7485
7486
7487
7490
7490
7490
7494
7496
7496
7497
7498
7499
7499
7500
7500
7501
7501
7504
7506
7506
7508
7508
7510
7511
7512
7512
7512
7514
7514
7520
7523
7524
7525
7526
7532
7532
7534
7535
7536
7536
7537
7540
7541
7541
7541
7541
7542
7542
7542
7543
7544
7545
7545
7546
7546
7547
7549
7552
7552
7552
7554
7556
7556
7561
7563
7564
7566
7567
7570
7570
7571
7573
7573
7575
7576
7577
7577
7577
7579
7581
7581
7582
7582
7583
7584
7585
7587
7587
7589
7593
7593
7594
7595
7596
7596
7597
7598
7598
7598
7602
7604
7605
7605
7605
7605
7606
7607
7607
7607
7608
7608
7610
7610
7612
7615
7618
7619
7620
7625
7625
7627
7627
7628
7629
7630
7631
7632
7632
7633
7633
7634
7635
7638
7640
7642
7642
7643
7645
7645
7646
7646
7647
7647
7650
7651
7654
7655
7656
7658
7660
7660
7660
7660
7661
7661
7661
7663
7663
7664
7665
7666
7667
7667
7669
7670
7671
7671
7673
7674
7675
7677
7678
7678
7680
7681
7683
7684
7684
7686
7686
7686
7687
7689
7693
7694
7697
7698
7698
7700
7701
7703
7703
7703
7704
7707
7708
7708
7709
7711
7712
7714
7714
7715
7718
7718
7719
7721
7725
7728
7728
7728
7733
7734
7736
7736
7736
7739
7742
7742
7743
7746
7746
7748
7751
7752
7752
7753
7753
7754
7754
7756
7757
7757
7759
7759
7762
7763
7764
7765
7772
7773
7774
7775
7775
7776
7777
7778
7779
7780
7781
7781
7781
7783
7783
7783
7784
7785
7787
7787
7788
7788
7789
7789
7793
7795
7795
7797
7798
7798
7798
7799
7799
7800
7801
7804
7805
7807
7809
7813
7815
7815
7815
7816
7820
7822
7824
7825
7825
7826
7826
7828
7829
7829
7829
7830
7831
7832
7833
7834
7835
7835
7835
7836
7837
7838
7839
7840
7841
7842
7842
7842
7842
7842
7844
7844
7845
7846
7847
7848
7848
7848
7850
7850
7850
7850
7851
7851
7854
7854
7855
7855
7855
7855
7855
7856
7857
7858
7858
7865
7865
7867
7867
7867
7867
7869
7869
7871
7872
7872
7873
7875
7877
7878
7878
7879
7880
7883
7883
7884
7885
7885
7886
7886
7886
7887
7887
7887
7888
7889
7890
7891
7893
7893
7894
7898
7898
7899
7899
7899
7904
7905
7906
7907
7911
7912
7913
7915
7915
7916
7919
7921
7921
7922
7922
7923
7924
7926
7926
7927
7927
7929
7930
7930
7932
7932
7933
7934
7934
7935
7935
7936
7936
7936
7936
7939
7941
7942
7942
7943
7944
7945
7946
7948
7948
7949
7949
7952
7954
7955
7955
7956
7956
7956
7956
7957
7960
7963
7963
7964
7964
7966
7967
7967
7968
7970
7971
7974
7974
7975
7975
7979
7980
7981
7982
7982
7983
7985
7985
7987
7987
7988
7988
7989
7989
7991
7993
7997
7997
7999
8000
8002
8002
8003
8003
8004
8004
8004
8005
8009
8010
8012
8012
8012
8012
8014
8015
8015
8017
8020
8021
8028
8028
8028
8029
8029
8030
8031
8033
8033
8033
8034
8037
8038
8038
8039
8039
8042
8042
8043
8043
8043
8044
8046
8046
8047
8047
8048
8049
8049
8050
8050
8051
8051
8051
8052
8052
8053
8053
8055
8056
8056
8057
8060
8060
8061
8065
8065
8067
8070
8070
8071
8071
8071
8072
8075
8075
8080
8081
8081
8081
8083
8083
8084
8085
8086
8090
8090
8090
8091
8093
8094
8094
8095
8095
8096
8096
8096
8097
8098
8098
8100
8103
8103
8103
8103
8104
8104
8105
8107
8107
8109
8110
8111
8111
8112
8113
8115
8116
8117
8117
8117
8118
8119
8119
8119
8119
8120
8121
8122
8123
8123
8124
8124
8125
8126
8131
8131
8132
8132
8133
8133
8135
8135
8140
8141
8145
8146
8148
8149
8150
8151
8151
8152
8154
8156
8156
8160
8167
8171
8172
8173
8173
8173
8173
8174
8178
8180
8180
8181
8182
8183
8183
8184
8186
8186
8187
8189
8190
8191
8193
8194
8194
8195
8197
8201
8201
8203
8204
8205
8205
8205
8205
8205
8206
8208
8208
8209
8209
8209
8210
8211
8211
8214
8215
8215
8216
8218
8220
8221
8222
8225
8225
8226
8226
8226
8227
8228
8229
8231
8235
8236
8236
8236
8237
8242
8243
8244
8246
8247
8250
8251
8254
8254
8255
8255
8256
8257
8259
8260
8262
8262
8263
8265
8265
8267
8267
8270
8271
8271
8272
8272
8272
8274
8274
8275
8275
8277
8278
8278
8278
8279
8282
8283
8283
8284
8286
8287
8289
8290
8290
8291
8291
8292
8293
8295
8296
8299
8299
8300
8301
8301
8301
8303
8305
8308
8308
8309
8309
8312
8313
8315
8316
8317
8318
8323
8323
8324
8324
8326
8327
8327
8330
8332
8332
8333
8334
8335
8335
8335
8337
8338
8338
8339
8340
8343
8344
8345
8347
8348
8349
8351
8351
8352
8356
8357
8358
8360
8361
8361
8362
8366
8367
8368
8368
8368
8369
8369
8369
8371
8371
8372
8377
8377
8378
8378
8379
8380
8381
8381
8382
8382
8387
8387
8387
8387
8387
8387
8388
8390
8390
8391
8391
8393
8395
8396
8396
8396
8397
8401
8402
8404
8405
8406
8407
8407
8409
8410
8410
8411
8412
8413
8414
8414
8415
8417
8421
8421
8424
8424
8427
8427
8427
8427
8428
8429
8432
8433
8433
8434
8435
8436
8437
8438
8438
8438
8440
8440
8442
8442
8443
8443
8446
8447
8448
8449
8451
8451
8453
8454
8454
8455
8456
8456
8456
8457
8457
8458
8458
8460
8461
8462
8462
8463
8463
8464
8466
8468
8469
8470
8472
8472
8472
8473
8475
8477
8477
8478
8479
8481
8483
8485
8486
8486
8487
8488
8489
8491
8492
8493
8493
8494
8495
8497
8497
8497
8499
8502
8502
8503
8511
8511
8513
8514
8514
8515
8515
8518
8519
8523
8523
8527
8528
8529
8530
8530
8532
8533
8534
8534
8534
8535
8535
8535
8536
8536
8536
8537
8538
8540
8540
8541
8542
8542
8542
8544
8544
8544
8545
8545
8545
8546
8546
8547
8548
8548
8551
8551
8552
8553
8555
8555
8555
8556
8556
8558
8559
8560
8560
8560
8564
8564
8566
8566
8567
8568
8568
8570
8572
8572
8574
8576
8578
8578
8578
8578
8579
8579
8580
8581
8582
8583
8583
8586
8586
8586
8588
8588
8591
8595
8596
8597
8598
8599
8602
8602
8604
8605
8607
8608
8611
8611
8611
8612
8613
8613
8613
8614
8614
8614
8615
8615
8615
8616
8617
8618
8621
8621
8622
8624
8625
8626
8626
8630
8632
8632
8633
8633
8633
8638
8638
8638
8638
8639
8639
8640
8640
8641
8644
8644
8649
8649
8649
8650
8652
8654
8655
8655
8655
8656
8660
8661
8661
8663
8663
8665
8667
8667
8667
8667
8668
8669
8674
8677
8679
8679
8680
8681
8681
8682
8682
8683
8684
8685
8686
8686
8689
8690
8693
8694
8698
8698
8700
8700
8701
8702
8702
8703
8704
8704
8704
8705
8706
8708
8711
8713
8714
8715
8716
8716
8717
8719
8719
8719
8720
8720
8720
8721
8721
8722
8723
8723
8725
8727
8727
8731
8731
8731
8734
8736
8738
8738
8739
8740
8741
8741
8745
8746
8747
8747
8747
8749
8749
8749
8749
8752
8754
8754
8756
8756
8756
8757
8757
8758
8759
8759
8760
8760
8761
8762
8764
8767
8767
8767
8768
8768
8769
8769
8771
8772
8775
8779
8781
8782
8786
8786
8788
8791
8792
8792
8793
8793
8795
8795
8797
8797
8797
8798
8798
8801
8802
8803
8804
8804
8805
8806
8808
8808
8809
8809
8809
8813
8817
8819
8819
8820
8820
8821
8821
8823
8826
8828
8829
8829
8830
8832
8832
8835
8835
8835
8836
8837
8839
8840
8840
8841
8842
8843
8844
8844
8844
8845
8846
8847
8848
8850
8851
8852
8854
8857
8863
8864
8866
8866
8868
8868
8868
8869
8872
8872
8872
8872
8877
8877
8877
8878
8879
8881
8881
8882
8882
8882
8883
8883
8884
8885
8885
8885
8888
8889
8889
8890
8890
8890
8890
8892
8892
8892
8898
8904
8907
8908
8908
8909
8909
8910
8911
8912
8914
8917
8918
8919
8920
8924
8926
8926
8928
8929
8929
8930
8933
8933
8934
8934
8935
8935
8935
8935
8936
8936
8938
8939
8941
8941
8942
8943
8944
8944
8945
8945
8945
8946
8946
8947
8951
8951
8952
8956
8957
8957
8957
8959
8959
8961
8964
8965
8965
8966
8967
8969
8970
8976
8977
8978
8979
8979
8979
8980
8980
8981
8984
8985
8985
8986
8986
8988
8989
8993
8995
8996
8998
8998
8999
9005
9007
9008
9008
9009
9011
9011
9012
9013
9014
9015
9017
9018
9018
9020
9020
9022
9022
9023
9023
9028
9028
9029
9031
9032
9033
9041
9043
9044
9046
9047
9049
9051
9051
9052
9054
9054
9055
9055
9055
9055
9058
9059
9059
9060
9061
9062
9063
9064
9064
9065
9066
9066
9067
9068
9068
9068
9068
9068
9069
9070
9072
9074
9074
9074
9076
9076
9077
9077
9078
9078
9080
9080
9086
9086
9086
9088
9088
9089
9089
9090
9090
9090
9091
9091
9091
9094
9095
9095
9097
9098
9099
9099
9100
9102
9102
9102
9104
9104
9105
9107
9108
9108
9108
9112
9114
9115
9116
9117
9119
9121
9122
9124
9124
9124
9126
9127
9129
9130
9134
9134
9134
9135
9136
9137
9139
9141
9142
9143
9143
9144
9145
9146
9146
9146
9147
9151
9152
9152
9152
9153
9155
9155
9155
9156
9159
9160
9161
9163
9164
9165
9166
9168
9168
9169
9169
9169
9170
9170
9171
9173
9173
9175
9176
9176
9177
9179
9181
9183
9186
9189
9189
9189
9189
9190
9191
9192
9192
9193
9193
9194
9197
9199
9199
9201
9201
9202
9204
9204
9205
9206
9207
9207
9207
9209
9210
9210
9213
9214
9215
9215
9218
9219
9220
9224
9225
9227
9228
9230
9230
9233
9235
9238
9239
9240
9240
9242
9244
9244
9244
9245
9245
9246
9249
9249
9251
9252
9253
9255
9256
9257
9259
9259
9259
9260
9263
9263
9264
9264
9264
9266
9266
9266
9267
9268
9270
9270
9270
9271
9271
9272
9273
9274
9275
9275
9275
9277
9278
9278
9278
9279
9279
9280
9284
9287
9287
9289
9291
9293
9295
9295
9298
9299
9299
9299
9300
9301
9305
9305
9305
9306
9306
9307
9309
9309
9309
9311
9312
9313
9313
9314
9314
9315
9316
9316
9317
9317
9318
9319
9323
9323
9325
9327
9329
9332
9333
9335
9336
9337
9338
9340
9341
9341
9341
9342
9342
9343
9343
9345
9347
9349
9349
9354
9354
9356
9357
9358
9361
9362
9364
9365
9365
9367
9369
9369
9369
9369
9370
9370
9372
9373
9379
9381
9381
9383
9385
9385
9385
9386
9387
9388
9388
9389
9389
9390
9390
9391
9391
9391
9392
9398
9399
9401
9403
9404
9405
9406
9406
9407
9408
9411
9413
9415
9416
9419
9421
9421
9422
9425
9425
9425
9427
9427
9428
9428
9429
9431
9432
9433
9433
9434
9435
9436
9439
9440
9441
9443
9444
9445
9445
9448
9451
9453
9453
9454
9455
9456
9457
9457
9458
9459
9461
9461
9461
9462
9463
9463
9465
9468
9469
9470
9472
9473
9473
9474
9475
9476
9479
9482
9484
9485
9486
9487
9487
9487
9488
9488
9488
9491
9491
9497
9497
9497
9497
9499
9499
9501
9501
9501
9501
9503
9504
9505
9506
9507
9507
9508
9511
9511
9512
9512
9513
9514
9514
9514
9515
9516
9517
9521
9521
9522
9524
9527
9529
9529
9529
9529
9530
9532
9532
9535
9535
9537
9537
9538
9538
9539
9540
9540
9542
9542
9543
9545
9546
9547
9548
9554
9554
9555
9558
9560
9561
9564
9564
9565
9566
9566
9567
9567
9567
9569
9569
9570
9571
9573
9573
9575
9577
9580
9583
9584
9585
9586
9587
9589
9589
9595
9596
9597
9597
9599
9599
9603
9604
9606
9607
9607
9607
9607
9608
9608
9609
9609
9609
9610
9611
9613
9614
9615
9616
9618
9619
9619
9620
9620
9620
9620
9622
9622
9622
9625
9625
9626
9626
9626
9627
9628
9629
9629
9630
9632
9632
9632
9634
9635
9637
9638
9639
9641
9642
9643
9644
9645
9646
9647
9648
9654
9655
9655
9656
9656
9658
9659
9660
9660
9660
9662
9663
9663
9664
9665
9666
9670
9671
9672
9672
9673
9679
9681
9682
9683
9683
9684
9684
9684
9686
9687
9687
9688
9689
9690
9691
9691
9691
9692
9693
9694
9694
9694
9696
9697
9697
9699
9699
9700
9700
9700
9700
9700
9701
9701
9703
9703
9703
9705
9706
9707
9709
9709
9711
9712
9717
9720
9720
9722
9723
9725
9726
9726
9728
9728
9730
9731
9731
9732
9732
9735
9735
9736
9736
9737
9738
9738
9738
9739
9740
9741
9744
9745
9747
9747
9750
9753
9756
9758
9760
9761
9761
9762
9762
9763
9763
9764
9764
9766
9766
9772
9773
9774
9774
9775
9776
9776
9778
9778
9779
9780
9781
9788
9790
9790
9790
9790
9792
9793
9796
9797
9797
9798
9799
9799
9800
9802
9803
9804
9804
9805
9805
9806
9806
9806
9807
9809
9809
9810
9811
9811
9811
9815
9816
9817
9818
9818
9819
9819
9819
9819
9820
9822
9823
9823
9823
9823
9825
9825
9825
9825
9826
9826
9826
9827
9830
9832
9832
9833
9834
9836
9836
9836
9837
9838
9841
9841
9842
9842
9843
9844
9846
9846
9848
9849
9851
9852
9853
9853
9854
9854
9855
9856
9857
9858
9858
9859
9860
9861
9864
9865
9866
9868
9868
9869
9871
9877
9877
9877
9878
9879
9879
9879
9879
9879
9880
9880
9881
9882
9885
9886
9887
9887
9887
9887
9890
9890
9892
9892
9893
9894
9896
9896
9898
9899
9899
9901
9901
9902
9902
9902
9903
9904
9904
9905
9906
9907
9907
9908
9910
9911
9911
9912
9912
9913
9913
9914
9914
9914
9915
9915
9916
9917
9918
9919
9919
9922
9922
9923
9924
9926
9926
9927
9927
9928
9928
9932
9933
9934
9936
9936
9937
9943
9946
9947
9947
9948
9950
9950
9950
9950
9952
9954
9955
9955
9955
9956
9958
9960
9964
9967
9968
9972
9972
9973
9973
9973
9974
9974
9975
9976
9976
9977
9977
9979
9980
9981
9983
9986
9989
9990
9991
9991
9991
9991
9995
9995
9996
9997
9998
9998

