2
3
4
5
6
9
10
11
11
14
15
15
16
21
27
29
29
29
29
30
39
40
41
45
45
46
57
59
59
65
66
71
73
75
81
81
88
89
95
101
111
113
114
119
125
128
129
133
138
140
152
156
159
162
164
174
176
176
186
187
187
201
203
204
205
207
212
215
216
218
226
227
231
233
234
235
243
254
259
261
265
266
266
267
280
283
284
284
285
288
292
293
300
301
304
306
307
308
309
309
312
314
315
315
321
325
334
335
337
337
339
340
342
343
345
346
349
350
355
355
360
363
364
367
371
375
376
377
386
394
394
394
396
400
403
403
405
406
406
408
409
412
412
414
415
417
423
428
430
434
439
440
440
441
443
447
457
461
463
468
475
476
478
492
496
497
499
500
503
504
506
508
508
511
515
521
521
523
524
531
534
537
540
541
551
552
555
561
562
563
563
565
578
580
583
584
590
593
593
599
599
607
608
608
614
614
617
626
636
638
640
641
641
643
644
649
649
651
654
657
662
666
669
670
676
685
689
702
714
719
719
726
732
732
738
740
745
750
751
755
756
758
760
770
774
783
786
803
805
808
812
818
819
827
828
829
834
841
843
851
852
854
855
855
856
863
863
865
867
868
869
872
877
882
885
886
889
890
890
894
895
901
905
906
912
912
923
932
940
941
942
950
957
957
960
964
964
965
970
971
976
979
986
989
990
995
996
1007
1009
1012
1017
1029
1029
1032
1033
1040
1041
1044
1049
1056
1061
1065
1066
1074
1075
1075
1076
1077
1079
1082
1084
1085
1090
1097
1097
1097
1099
1099
1105
1105
1117
1117
1117
1117
1119
1121
1123
1125
1128
1130
1134
1134
1135
1142
1145
1145
1149
1155
1156
1159
1163
1164
1165
1166
1168
1176
1178
1179
1180
1182
1186
1187
1187
1188
1194
1196
1198
1200
1202
1205
1210
1219
1222
1223
1228
1228
1229
1231
1232
1235
1238
1239
1241
1241
1246
1246
1247
1255
1255
1256
1259
1278
1278
1295
1297
1297
1302
1304
1305
1307
1312
1317
1319
1322
1324
1329
1337
1350
1350
1353
1359
1360
1363
1367
1367
1368
1373
1376
1378
1379
1399
1408
1409
1414
1418
1423
1425
1430
1432
1435
1443
1454
1461
1466
1466
1474
1478
1483
1487
1488
1494
1501
1502
1504
1508
1511
1516
1516
1517
1518
1522
1522
1525
1527
1530
1531
1532
1533
1533
1536
1540
1541
1541
1542
1546
1547
1561
1563
1565
1565
1566
1570
1576
1577
1583
1585
1587
1587
1592
1594
1597
1601
1603
1603
1607
1608
1621
1625
1629
1633
1641
1645
1645
1646
1648
1650
1660
1661
1662
1664
1665
1667
1668
1669
1671
1671
1673
1674
1680
1698
1707
1711
1714
1719
1719
1720
1721
1722
1730
1731
1735
1748
1749
1750
1751
1753
1754
1755
1756
1761
1761
1767
1772
1772
1772
1777
1779
1780
1787
1790
1791
1795
1796
1799
1803
1810
1811
1812
1819
1819
1823
1825
1827
1828
1829
1846
1847
1850
1854
1859
1860
1861
1861
1866
1866
1874
1876
1879
1889
1903
1905
1908
1909
1911
1912
1913
1915
1918
1924
1925
1929
1930
1933
1933
1935
1939
1942
1949
1949
1951
1952
1954
1956
1956
1956
1958
1959
1964
1964
1965
1967
1968
1970
1970
1970
1971
1971
1979
1983
1985
1986
1990
1993
2003
2006
2010
2013
2017
2018
2028
2028
2030
2033
2034
2034
2037
2038
2039
2046
2048
2049
2050
2052
2058
2059
2067
2068
2069
2070
2071
2075
2077
2077
2079
2079
2082
2084
2084
2090
2093
2096
2103
2108
2109
2117
2124
2127
2127
2129
2131
2132
2132
2138
2140
2143
2145
2147
2147
2151
2152
2159
2165
2165
2166
2171
2176
2179
2180
2182
2183
2184
2188
2189
2190
2201
2201
2209
2214
2226
2229
2231
2232
2249
2249
2255
2260
2268
2269
2273
2279
2281
2281
2282
2288
2290
2293
2296
2303
2305
2312
2313
2314
2319
2321
2322
2337
2338
2340
2341
2343
2345
2351
2352
2356
2362
2364
2368
2369
2370
2371
2372
2374
2374
2376
2378
2378
2381
2382
2385
2388
2392
2392
2397
2401
2402
2414
2418
2419
2432
2442
2448
2455
2456
2459
2464
2469
2484
2485
2491
2506
2507
2509
2510
2510
2519
2519
2520
2521
2522
2527
2528
2528
2529
2538
2542
2550
2552
2552
2552
2554
2557
2557
2559
2563
2569
2572
2572
2574
2575
2576
2577
2578
2578
2581
2581
2582
2585
2595
2595
2596
2597
2599
2601
2611
2616
2618
2621
2625
2627
2636
2637
2642
2649
2652
2654
2657
2670
2670
2670
2671
2672
2674
2677
2679
2682
2683
2683
2683
2687
2689
2692
2696
2698
2698
2700
2704
2706
2711
2712
2712
2718
2719
2720
2724
2725
2729
2734
2735
2735
2742
2746
2746
2747
2749
2754
2759
2766
2772
2773
2775
2777
2777
2778
2779
2780
2781
2786
2789
2791
2798
2799
2801
2802
2803
2807
2810
2813
2816
2817
2817
2823
2823
2830
2834
2834
2841
2847
2854
2860
2860
2861
2868
2871
2881
2882
2886
2887
2891
2895
2898
2903
2906
2924
2934
2935
2939
2949
2954
2959
2963
2964
2972
2974
2979
2987
2989
2993
2997
3000
3004
3004
3006
3007
3007
3010
3017
3018
3019
3023
3024
3035
3061
3062
3062
3074
3081
3090
3112
3117
3122
3123
3125
3139
3140
3141
3141
3149
3166
3170
3172
3172
3176
3177
3181
3200
3201
3213
3226
3228
3231
3237
3238
3241
3244
3247
3249
3254
3256
3256
3267
3271
3276
3286
3301
3305
3306
3311
3316
3324
3329
3329
3350
3364
3374
3374
3376
3376
3377
3381
3383
3386
3386
3388
3392
3392
3396
3400
3412
3420
3423
3424
3425
3425
3428
3432
3433
3436
3441
3453
3488
3489
3490
3495
3499
3501
3507
3512
3517
3518
3523
3526
3530
3534
3535
3540
3542
3545
3551
3558
3558
3559
3566
3566
3569
3573
3580
3582
3588
3589
3593
3595
3597
3597
3599
3608
3609
3609
3609
3616
3620
3622
3623
3630
3635
3640
3641
3644
3658
3672
3677
3686
3686
3688
3688
3689
3693
3694
3695
3701
3702
3707
3711
3729
3732
3733
3736
3736
3740
3741
3745
3752
3757
3765
3766
3767
3769
3773
3785
3788
3803
3804
3806
3809
3810
3822
3823
3829
3830
3832
3835
3836
3839
3845
3850
3851
3862
3868
3871
3872
3873
3873
3875
3877
3880
3880
3894
3908
3915
3916
3919
3921
3921
3921
3928
3932
3934
3938
3941
3944
3948
3960
3965
3968
3971
3984
3984
3985
3986
3986
3991
3991
3993
3995
4000
4003
4012
4013
4014
4026
4030
4037
4040
4045
4045
4045
4046
4046
4050
4051
4052
4071
4072
4081
4088
4091
4092
4094
4094
4107
4117
4125
4130
4133
4134
4143
4152
4152
4155
4155
4158
4161
4161
4162
4164
4166
4167
4171
4174
4174
4176
4180
4181
4182
4183
4187
4189
4191
4192
4200
4206
4210
4213
4222
4227
4233
4244
4250
4251
4253
4261
4261
4262
4265
4266
4267
4270
4271
4272
4274
4279
4284
4286
4290
4294
4297
4299
4307
4308
4309
4309
4320
4325
4335
4336
4344
4346
4348
4350
4350
4351
4352
4364
4365
4377
4379
4382
4383
4383
4385
4392
4400
4400
4401
4407
4412
4414
4414
4414
4416
4421
4422
4437
4446
4446
4447
4449
4454
4456
4464
4469
4471
4489
4493
4495
4513
4514
4515
4518
4518
4519
4520
4523
4529
4534
4549
4556
4558
4559
4565
4577
4584
4584
4587
4599
4601
4602
4609
4613
4613
4618
4626
4632
4634
4636
4638
4644
4647
4652
4655
4659
4660
4662
4668
4671
4671
4673
4678
4678
4689
4698
4706
4713
4713
4715
4724
4727
4732
4736
4737
4740
4749
4761
4784
4787
4796
4801
4807
4810
4812
4813
4824
4832
4837
4841
4843
4845
4845
4847
4851
4870
4876
4880
4880
4883
4890
4891
4892
4898
4907
4908
4909
4912
4912
4922
4925
4927
4929
4933
4940
4949
4955
4957
4966
4972
4973
4975
4994
4998
4998
5003
5004
5004
5007
5015
5017
5022
5025
5027
5031
5032
5041
5045
5049
5051
5055
5055
5057
5061
5080
5081
5082
5098
5100
5130
5140
5141
5143
5145
5151
5153
5157
5161
5163
5164
5164
5173
5186
5192
5194
5194
5195
5198
5200
5206
5207
5215
5217
5221
5223
5224
5225
5225
5232
5235
5241
5251
5264
5264
5266
5266
5278
5279
5279
5293
5298
5299
5300
5307
5307
5314
5321
5321
5322
5323
5327
5328
5330
5333
5338
5340
5343
5347
5355
5356
5356
5364
5365
5366
5368
5371
5376
5379
5383
5383
5384
5385
5388
5397
5398
5404
5405
5412
5414
5423
5425
5431
5455
5455
5458
5459
5460
5468
5469
5469
5473
5480
5481
5492
5493
5493
5495
5500
5501
5501
5510
5515
5519
5520
5524
5526
5530
5541
5542
5551
5557
5568
5569
5570
5574
5578
5587
5589
5591
5596
5598
5600
5600
5611
5616
5616
5621
5623
5626
5626
5632
5636
5640
5643
5656
5665
5669
5669
5670
5672
5676
5681
5682
5682
5683
5686
5686
5687
5693
5707
5709
5712
5717
5720
5723
5730
5738
5739
5740
5749
5752
5771
5771
5777
5781
5786
5787
5794
5796
5797
5800
5802
5805
5806
5807
5810
5811
5813
5819
5819
5823
5827
5832
5834
5842
5847
5868
5869
5870
5883
5884
5893
5895
5898
5906
5907
5911
5911
5917
5918
5921
5927
5933
5933
5942
5943
5945
5956
5960
5969
5975
5980
5984
5984
5991
5992
5993
5994
5999
6001
6021
6035
6037
6051
6052
6055
6070
6071
6072
6076
6081
6090
6092
6096
6097
6105
6106
6108
6109
6110
6120
6125
6128
6131
6133
6138
6143
6149
6152
6158
6160
6161
6161
6163
6173
6176
6177
6185
6185
6186
6191
6192
6194
6203
6205
6212
6212
6218
6220
6225
6230
6234
6240
6247
6247
6247
6249
6250
6261
6265
6269
6275
6278
6279
6282
6282
6286
6290
6294
6296
6303
6307
6308
6309
6326
6332
6337
6338
6344
6345
6347
6360
6367
6370
6371
6372
6372
6373
6373
6373
6380
6387
6392
6398
6411
6417
6419
6427
6427
6428
6438
6440
6441
6442
6448
6449
6454
6457
6457
6460
6464
6470
6471
6486
6492
6492
6539
6540
6549
6549
6554
6558
6560
6563
6565
6570
6572
6574
6584
6589
6601
6602
6609
6611
6612
6618
6623
6624
6626
6633
6643
6646
6649
6657
6669
6669
6680
6699
6700
6709
6709
6712
6714
6720
6726
6731
6732
6738
6754
6764
6764
6768
6774
6781
6785
6796
6800
6804
6808
6814
6814
6816
6816
6818
6827
6828
6833
6834
6835
6837
6840
6840
6843
6846
6856
6857
6862
6865
6866
6868
6869
6870
6873
6875
6884
6886
6888
6891
6897
6899
6902
6903
6903
6904
6911
6911
6915
6930
6933
6934
6939
6944
6948
6950
6951
6958
6962
6974
6976
6979
6987
6995
7000
7000
7003
7004
7006
7007
7008
7029
7033
7035
7043
7047
7048
7054
7055
7060
7060
7065
7068
7068
7069
7079
7080
7081
7081
7086
7086
7091
7096
7103
7105
7105
7109
7114
7115
7117
7117
7132
7138
7139
7145
7148
7148
7152
7153
7157
7157
7159
7160
7163
7169
7184
7186
7193
7195
7198
7198
7206
7210
7210
7217
7217
7218
7220
7229
7232
7232
7234
7240
7251
7261
7261
7269
7272
7273
7276
7277
7279
7284
7285
7301
7304
7305
7310
7311
7314
7330
7335
7336
7346
7352
7361
7375
7376
7378
7387
7395
7402
7408
7411
7430
7432
7434
7437
7439
7440
7441
7445
7447
7449
7449
7451
7454
7455
7456
7460
7465
7469
7474
7474
7480
7483
7489
7493
7494
7495
7498
7500
7512
7519
7522
7523
7526
7529
7538
7542
7545
7549
7555
7570
7570
7583
7594
7597
7604
7605
7609
7609
7614
7622
7623
7639
7639
7647
7647
7654
7662
7666
7666
7669
7671
7671
7675
7678
7684
7688
7690
7693
7698
7701
7701
7703
7705
7707
7711
7712
7714
7715
7720
7720
7728
7737
7738
7738
7741
7741
7742
7746
7749
7757
7758
7758
7760
7760
7794
7794
7796
7803
7818
7821
7825
7827
7831
7833
7841
7844
7845
7847
7850
7852
7865
7867
7868
7871
7872
7884
7887
7889
7889
7892
7894
7895
7896
7899
7900
7909
7910
7915
7916
7916
7935
7943
7948
7951
7954
7955
7965
7974
7975
7987
7987
7989
7991
7992
7997
7998
8001
8003
8007
8008
8010
8018
8020
8020
8023
8039
8040
8040
8050
8050
8053
8056
8060
8060
8062
8063
8066
8072
8077
8081
8081
8082
8083
8085
8095
8098
8120
8123
8125
8129
8131
8137
8142
8143
8144
8147
8152
8153
8154
8157
8163
8174
8184
8185
8187
8188
8192
8194
8195
8199
8199
8201
8203
8209
8209
8213
8216
8217
8218
8221
8222
8224
8225
8230
8232
8250
8256
8258
8259
8262
8269
8277
8278
8279
8280
8281
8282
8289
8290
8300
8302
8305
8313
8314
8314
8316
8318
8324
8333
8338
8343
8343
8345
8345
8351
8352
8362
8365
8365
8372
8373
8381
8386
8389
8393
8393
8408
8408
8411
8413
8418
8419
8421
8430
8434
8435
8438
8439
8439
8446
8446
8447
8450
8460
8465
8472
8476
8483
8487
8489
8490
8491
8492
8493
8499
8504
8505
8508
8509
8509
8511
8514
8520
8520
8525
8538
8543
8551
8555
8559
8569
8570
8595
8595
8600
8610
8612
8613
8619
8630
8636
8637
8642
8643
8644
8644
8650
8653
8654
8655
8657
8662
8664
8667
8668
8670
8674
8680
8680
8681
8682
8682
8689
8693
8693
8700
8703
8706
8706
8708
8709
8712
8718
8719
8728
8730
8734
8739
8747
8775
8778
8785
8785
8794
8794
8803
8804
8808
8812
8822
8826
8827
8830
8833
8839
8848
8848
8855
8862
8864
8866
8868
8880
8880
8893
8893
8898
8906
8909
8916
8917
8925
8926
8939
8945
8949
8963
8966
8979
8990
8991
8995
8995
8997
8998
9004
9004
9010
9016
9024
9029
9035
9038
9039
9041
9046
9046
9050
9062
9066
9071
9073
9093
9095
9100
9102
9106
9110
9129
9129
9132
9137
9149
9162
9167
9172
9177
9177
9184
9186
9190
9222
9224
9229
9232
9233
9237
9238
9254
9255
9260
9261
9265
9266
9267
9270
9272
9272
9278
9279
9282
9284
9288
9302
9306
9308
9316
9316
9317
9317
9317
9320
9320
9321
9322
9327
9333
9333
9336
9337
9341
9347
9349
9349
9351
9354
9355
9357
9357
9365
9371
9371
9383
9389
9389
9392
9392
9392
9398
9401
9406
9407
9416
9418
9428
9436
9439
9450
9452
9459
9466
9467
9470
9472
9475
9479
9482
9493
9495
9495
9498
9501
9507
9508
9510
9511
9518
9522
9524
9529
9530
9532
9538
9538
9541
9564
9564
9565
9568
9574
9580
9581
9595
9606
9614
9628
9630
9630
9631
9640
9641
9641
9643
9645
9651
9664
9675
9676
9678
9684
9690
9704
9708
9722
9729
9740
9741
9743
9745
9748
9751
9751
9765
9767
9768
9770
9770
9772
9774
9781
9783
9786
9787
9790
9790
9795
9805
9807
9818
9823
9824
9827
9836
9841
9846
9852
9854
9855
9856
9858
9859
9862
9865
9868
9873
9877
9881
9883
9889
9890
9892
9902
9904
9906
9907
9907
9935
9941
9950
9953
9966
9967
9979
9982
9988
9994
9995
9996
9997
