9
10
11
17
17
20
28
34
34
34
36
39
40
49
49
53
54
55
58
65
68
74
82
85
86
91
91
91
95
97
101
102
103
103
107
109
111
115
120
121
125
126
130
132
134
139
145
146
146
151
155
158
159
160
161
168
173
173
176
182
183
185
193
193
196
196
199
201
212
213
216
218
220
224
226
232
232
235
235
237
239
241
242
245
255
259
259
269
271
274
275
281
283
285
292
298
308
310
311
319
322
326
329
339
340
344
345
350
360
362
384
384
387
391
395
398
399
400
401
402
404
405
405
406
407
411
418
418
420
422
428
432
436
441
441
442
443
443
445
446
448
452
453
456
462
463
463
464
468
473
480
487
488
492
499
499
509
516
517
524
526
527
527
536
536
539
540
544
549
552
554
555
556
561
563
567
567
568
571
579
580
582
589
592
595
595
598
599
600
602
603
605
612
617
618
623
629
632
639
640
643
647
656
656
662
681
684
693
695
708
709
711
712
715
717
718
722
722
726
726
728
728
730
733
735
737
741
743
745
746
752
756
758
759
762
766
771
776
778
779
788
791
793
797
800
803
810
813
814
818
826
827
830
836
838
841
853
854
855
858
862
870
876
877
881
884
888
888
891
896
897
897
914
919
920
922
928
941
943
944
945
947
947
955
956
959
959
960
966
968
969
970
976
980
1004
1006
1011
1022
1025
1026
1026
1029
1032
1036
1044
1050
1056
1061
1064
1067
1070
1070
1077
1080
1084
1085
1088
1092
1094
1095
1096
1101
1107
1108
1109
1112
1114
1117
1121
1122
1122
1132
1133
1141
1142
1142
1143
1145
1146
1153
1162
1164
1166
1173
1177
1181
1187
1190
1194
1195
1203
1207
1212
1214
1219
1222
1224
1230
1233
1236
1240
1243
1252
1255
1256
1257
1258
1258
1259
1261
1263
1265
1268
1277
1279
1279
1284
1286
1286
1287
1289
1297
1301
1301
1308
1309
1320
1320
1324
1331
1332
1332
1332
1333
1333
1334
1335
1339
1339
1344
1348
1351
1353
1355
1361
1376
1378
1382
1383
1391
1398
1401
1407
1416
1420
1424
1428
1438
1440
1452
1459
1460
1467
1470
1473
1474
1474
1477
1477
1480
1489
1490
1493
1497
1500
1504
1512
1520
1520
1521
1521
1530
1531
1537
1538
1541
1548
1555
1557
1559
1564
1565
1565
1566
1568
1569
1569
1574
1575
1575
1577
1581
1583
1586
1587
1588
1589
1589
1591
1595
1596
1599
1600
1601
1606
1610
1617
1620
1622
1626
1627
1630
1639
1642
1648
1651
1654
1654
1656
1659
1660
1662
1662
1665
1667
1674
1675
1675
1677
1680
1687
1695
1703
1703
1706
1712
1716
1717
1721
1722
1728
1730
1731
1750
1751
1755
1765
1766
1767
1772
1778
1781
1785
1785
1786
1798
1802
1806
1807
1809
1811
1813
1818
1819
1822
1824
1839
1841
1841
1842
1843
1845
1846
1849
1854
1854
1860
1863
1864
1865
1866
1870
1871
1872
1874
1874
1881
1888
1891
1895
1905
1908
1909
1920
1926
1929
1931
1931
1940
1941
1942
1943
1947
1949
1950
1950
1954
1961
1961
1964
1965
1966
1971
1974
1977
1978
1980
1983
1984
1985
1998
1999
2000
2004
2005
2006
2008
2008
2009
2013
2019
2025
2026
2027
2028
2039
2039
2047
2050
2053
2056
2061
2063
2066
2067
2070
2077
2081
2084
2084
2085
2087
2088
2094
2097
2097
2099
2099
2103
2108
2110
2116
2117
2117
2121
2126
2130
2132
2134
2135
2141
2145
2146
2146
2150
2151
2153
2153
2157
2163
2164
2165
2171
2171
2179
2180
2181
2185
2185
2188
2192
2203
2204
2219
2220
2220
2226
2229
2229
2231
2238
2242
2243
2245
2246
2254
2259
2260
2260
2263
2266
2270
2276
2278
2283
2285
2290
2296
2300
2302
2310
2313
2316
2316
2319
2325
2326
2329
2332
2332
2334
2335
2337
2342
2349
2349
2350
2365
2365
2369
2371
2376
2387
2389
2390
2394
2397
2397
2400
2407
2413
2414
2419
2419
2421
2422
2432
2432
2435
2436
2439
2444
2445
2446
2449
2454
2460
2466
2472
2473
2475
2486
2490
2490
2493
2493
2498
2500
2510
2512
2517
2519
2520
2526
2528
2532
2534
2537
2548
2551
2553
2554
2555
2560
2561
2565
2566
2570
2572
2580
2585
2592
2594
2595
2596
2610
2614
2621
2621
2623
2625
2629
2631
2631
2631
2639
2639
2642
2643
2651
2652
2654
2659
2659
2659
2665
2666
2673
2675
2682
2685
2686
2693
2693
2696
2696
2703
2705
2710
2711
2713
2713
2713
2717
2721
2725
2730
2731
2738
2741
2741
2746
2747
2748
2749
2749
2751
2752
2753
2760
2763
2765
2767
2780
2785
2785
2787
2787
2788
2790
2797
2800
2817
2818
2819
2825
2825
2827
2833
2836
2840
2846
2853
2873
2874
2881
2886
2886
2891
2897
2899
2901
2902
2903
2903
2907
2909
2913
2915
2921
2927
2928
2930
2933
2934
2939
2942
2946
2953
2959
2959
2964
2965
2966
2969
2970
2980
2994
2994
3013
3017
3027
3028
3030
3034
3037
3042
3069
3070
3074
3075
3081
3083
3084
3087
3087
3092
3094
3095
3098
3100
3104
3106
3109
3115
3119
3121
3123
3123
3144
3150
3163
3166
3180
3180
3189
3200
3211
3213
3213
3229
3231
3233
3234
3238
3240
3242
3256
3257
3261
3261
3264
3264
3269
3270
3272
3274
3277
3281
3283
3291
3293
3301
3304
3305
3309
3315
3329
3347
3348
3349
3352
3363
3379
3391
3406
3411
3427
3435
3437
3442
3443
3445
3447
3451
3452
3452
3452
3456
3470
3482
3486
3491
3492
3495
3503
3508
3510
3512
3513
3516
3522
3526
3529
3542
3542
3558
3563
3565
3571
3581
3582
3595
3597
3606
3606
3614
3616
3619
3621
3628
3630
3631
3634
3647
3649
3665
3667
3671
3673
3673
3677
3678
3681
3684
3696
3697
3706
3709
3710
3721
3721
3726
3730
3733
3739
3748
3755
3758
3759
3762
3763
3764
3764
3765
3765
3766
3768
3773
3779
3779
3784
3789
3792
3795
3796
3797
3804
3804
3807
3818
3829
3830
3834
3835
3849
3862
3868
3874
3875
3880
3885
3889
3898
3902
3903
3904
3920
3925
3927
3927
3936
3938
3951
3956
3972
3976
3977
3980
3983
3986
3991
3993
3996
3997
4001
4007
4008
4016
4016
4019
4022
4028
4032
4033
4038
4039
4041
4052
4054
4055
4060
4069
4070
4070
4072
4077
4082
4082
4096
4097
4098
4106
4107
4107
4121
4122
4129
4129
4133
4137
4138
4141
4143
4145
4146
4152
4154
4156
4158
4161
4165
4165
4167
4170
4170
4173
4177
4178
4186
4200
4201
4203
4203
4205
4207
4215
4221
4221
4240
4244
4249
4251
4254
4261
4262
4263
4282
4295
4296
4300
4306
4325
4329
4333
4336
4336
4342
4342
4344
4344
4349
4351
4354
4356
4357
4357
4358
4361
4364
4373
4374
4377
4378
4381
4382
4385
4386
4386
4388
4398
4403
4405
4409
4411
4420
4422
4440
4461
4463
4464
4467
4467
4467
4467
4475
4481
4488
4492
4500
4503
4505
4505
4510
4510
4511
4519
4524
4531
4533
4540
4544
4549
4550
4551
4559
4562
4572
4579
4587
4589
4592
4596
4601
4602
4604
4610
4630
4638
4638
4638
4641
4655
4656
4660
4662
4664
4670
4674
4675
4679
4679
4680
4683
4683
4694
4694
4697
4697
4698
4698
4701
4702
4705
4705
4708
4727
4737
4738
4739
4744
4744
4758
4765
4768
4789
4792
4799
4802
4803
4804
4804
4810
4815
4817
4832
4842
4854
4854
4856
4857
4859
4865
4866
4866
4881
4887
4891
4900
4909
4910
4914
4917
4918
4922
4923
4924
4928
4931
4932
4933
4934
4934
4943
4946
4949
4956
4961
4963
4973
4975
4985
4986
4988
4988
4995
5005
5015
5017
5019
5025
5026
5031
5031
5034
5035
5037
5039
5042
5043
5044
5048
5052
5067
5068
5071
5076
5078
5083
5084
5086
5087
5095
5107
5111
5117
5121
5122
5132
5139
5140
5141
5144
5144
5154
5155
5158
5158
5159
5159
5165
5165
5172
5172
5174
5174
5187
5191
5192
5202
5204
5207
5220
5222
5228
5231
5237
5240
5254
5260
5260
5261
5265
5273
5276
5280
5281
5285
5287
5296
5296
5302
5303
5307
5309
5316
5319
5322
5324
5334
5338
5339
5340
5353
5354
5361
5364
5380
5381
5387
5388
5395
5398
5401
5402
5403
5415
5417
5418
5418
5420
5426
5427
5440
5442
5450
5453
5460
5461
5461
5468
5476
5476
5484
5486
5490
5492
5495
5496
5512
5515
5515
5517
5519
5526
5530
5537
5543
5555
5560
5563
5567
5567
5572
5572
5573
5574
5575
5584
5587
5605
5611
5613
5616
5628
5628
5629
5630
5631
5639
5643
5647
5649
5659
5665
5670
5673
5682
5687
5694
5700
5701
5704
5711
5711
5712
5716
5718
5720
5723
5735
5744
5745
5751
5752
5755
5759
5777
5784
5795
5799
5801
5806
5807
5812
5814
5817
5822
5827
5830
5833
5842
5844
5847
5852
5854
5856
5857
5862
5870
5878
5878
5886
5887
5889
5892
5897
5900
5907
5907
5915
5919
5925
5928
5939
5954
5955
5958
5959
5960
5960
5961
5967
5974
5975
5976
5979
5989
5993
5993
5997
6004
6004
6015
6027
6028
6032
6035
6038
6038
6043
6045
6050
6054
6056
6067
6088
6092
6094
6095
6100
6107
6114
6115
6132
6135
6137
6137
6138
6139
6144
6148
6150
6158
6159
6162
6165
6170
6172
6178
6183
6193
6194
6198
6199
6201
6210
6216
6218
6222
6223
6224
6225
6233
6236
6239
6241
6243
6245
6247
6263
6264
6267
6268
6274
6275
6287
6291
6294
6305
6309
6309
6315
6315
6317
6322
6340
6342
6345
6358
6361
6364
6369
6372
6377
6380
6381
6385
6393
6398
6416
6430
6433
6434
6436
6442
6442
6447
6456
6459
6461
6482
6488
6492
6498
6501
6514
6519
6520
6529
6530
6533
6550
6551
6553
6554
6556
6557
6559
6560
6570
6575
6576
6581
6593
6601
6601
6608
6609
6610
6610
6611
6621
6624
6637
6641
6650
6650
6650
6654
6656
6656
6665
6666
6668
6669
6671
6684
6690
6691
6692
6693
6701
6713
6720
6734
6742
6742
6743
6747
6749
6755
6758
6765
6768
6769
6773
6775
6784
6792
6799
6803
6805
6806
6814
6814
6825
6825
6830
6836
6840
6844
6852
6862
6863
6864
6872
6885
6887
6887
6892
6892
6897
6898
6905
6906
6906
6909
6910
6917
6918
6919
6920
6920
6922
6933
6935
6942
6942
6944
6949
6952
6953
6954
6954
6958
6965
6966
6969
6971
6980
6985
6989
6993
7003
7005
7009
7012
7014
7024
7026
7034
7040
7040
7042
7045
7046
7050
7052
7062
7063
7064
7065
7068
7070
7075
7079
7101
7107
7108
7110
7110
7114
7117
7118
7119
7121
7122
7126
7146
7147
7154
7157
7170
7171
7171
7173
7175
7175
7177
7181
7188
7189
7196
7198
7200
7200
7207
7218
7219
7224
7234
7239
7241
7242
7242
7245
7246
7247
7249
7253
7253
7256
7260
7262
7262
7262
7272
7273
7275
7276
7279
7281
7285
7286
7286
7293
7295
7300
7302
7302
7307
7312
7315
7320
7323
7324
7326
7328
7331
7334
7334
7335
7336
7337
7340
7343
7345
7354
7355
7359
7359
7360
7362
7364
7367
7367
7376
7377
7392
7395
7403
7412
7414
7415
7421
7424
7425
7426
7428
7430
7436
7440
7441
7443
7446
7446
7447
7448
7464
7464
7470
7471
7473
7477
7482
7490
7502
7505
7508
7518
7519
7519
7528
7530
7533
7539
7540
7548
7549
7556
7558
7558
7567
7570
7575
7576
7582
7590
7599
7603
7605
7608
7611
7614
7617
7618
7622
7623
7636
7642
7645
7645
7649
7653
7664
7684
7691
7700
7701
7704
7720
7720
7721
7722
7727
7731
7731
7734
7737
7746
7754
7761
7765
7767
7767
7772
7772
7785
7790
7809
7814
7814
7843
7845
7848
7850
7856
7857
7858
7865
7865
7867
7870
7885
7891
7895
7896
7897
7913
7918
7919
7921
7924
7929
7931
7938
7947
7951
7952
7962
7974
7976
7980
7989
7991
7992
7993
7997
8000
8004
8005
8007
8011
8011
8012
8017
8018
8020
8020
8020
8023
8023
8038
8039
8047
8051
8051
8053
8053
8057
8058
8063
8065
8078
8079
8088
8088
8094
8097
8097
8102
8107
8109
8112
8113
8115
8116
8123
8125
8126
8138
8140
8145
8156
8161
8164
8167
8168
8176
8179
8183
8186
8204
8204
8214
8214
8214
8215
8227
8228
8236
8238
8243
8248
8249
8257
8259
8265
8268
8271
8276
8291
8294
8310
8319
8326
8328
8338
8342
8346
8350
8362
8363
8364
8368
8369
8382
8387
8390
8391
8397
8399
8401
8402
8403
8414
8422
8424
8426
8430
8463
8473
8480
8487
8488
8497
8502
8511
8518
8520
8525
8530
8533
8538
8538
8548
8548
8549
8551
8557
8558
8563
8567
8567
8568
8569
8573
8578
8579
8582
8583
8584
8588
8589
8589
8590
8592
8598
8599
8604
8606
8607
8613
8629
8636
8641
8641
8644
8645
8663
8663
8663
8672
8673
8680
8682
8700
8701
8705
8712
8714
8729
8733
8734
8734
8734
8737
8739
8744
8744
8745
8747
8748
8751
8752
8755
8756
8756
8763
8769
8769
8776
8780
8780
8783
8784
8784
8793
8794
8794
8800
8805
8815
8818
8821
8833
8837
8838
8848
8852
8857
8857
8859
8860
8861
8863
8864
8865
8877
8877
8879
8879
8883
8887
8897
8903
8904
8906
8909
8913
8926
8927
8936
8941
8942
8946
8951
8955
8961
8971
8975
8981
8987
8987
8990
8996
8998
9005
9006
9015
9015
9023
9026
9027
9030
9033
9033
9037
9037
9037
9038
9039
9054
9056
9059
9062
9063
9066
9073
9074
9076
9078
9079
9080
9087
9090
9090
9105
9108
9114
9115
9125
9126
9133
9137
9139
9144
9150
9159
9165
9171
9173
9177
9179
9183
9185
9208
9210
9212
9215
9224
9227
9230
9231
9233
9237
9239
9244
9244
9254
9255
9257
9258
9258
9262
9266
9266
9266
9267
9267
9275
9276
9277
9277
9283
9289
9292
9293
9297
9297
9297
9299
9301
9308
9312
9314
9317
9326
9330
9332
9348
9370
9370
9371
9371
9379
9386
9387
9388
9396
9396
9399
9403
9404
9404
9406
9409
9410
9411
9414
9425
9431
9433
9433
9433
9441
9441
9443
9448
9450
9462
9468
9468
9468
9469
9469
9471
9478
9482
9483
9488
9492
9502
9503
9505
9519
9521
9526
9527
9529
9538
9541
9545
9550
9557
9560
9564
9568
9569
9571
9574
9578
9578
9578
9580
9581
9587
9593
9597
9597
9597
9603
9607
9612
9615
9617
9621
9623
9628
9633
9642
9646
9649
9650
9664
9673
9682
9685
9688
9704
9707
9713
9716
9717
9719
9721
9722
9724
9747
9747
9752
9754
9757
9763
9765
9766
9766
9767
9771
9781
9782
9784
9790
9792
9797
9798
9802
9807
9825
9826
9828
9830
9831
9831
9841
9849
9856
9863
9864
9867
9868
9885
9891
9892
9896
9898
9906
9910
9910
9915
9918
9920
9931
9932
9939
9941
9944
9946
9957
9964
9965
9965
9967
9973
9979
9979
9985
9987
9988
9989
9990
9996
