5
5
6
7
10
14
14
14
17
20
21
32
34
36
36
37
49
50
51
51
58
59
60
64
69
69
71
75
78
79
79
84
84
84
85
87
98
101
106
107
116
117
118
120
128
130
131
133
133
143
144
148
155
159
161
162
165
165
179
182
187
189
190
191
191
196
198
202
205
207
208
208
210
210
211
211
213
214
216
218
219
219
236
236
238
245
251
256
257
257
259
260
263
264
265
266
268
269
273
273
277
280
280
281
283
285
291
301
308
310
311
317
324
324
326
336
340
341
357
358
361
367
368
392
393
393
399
411
413
414
415
417
417
418
418
419
423
426
427
439
443
444
445
447
448
449
451
454
460
462
464
466
466
470
483
483
495
496
504
509
510
513
513
520
521
524
525
525
525
526
530
531
532
554
557
560
563
565
567
569
581
583
583
586
589
592
596
597
599
602
604
606
608
611
615
622
625
629
635
639
641
653
656
662
662
667
667
672
672
673
673
677
681
681
687
689
691
692
692
705
708
713
722
723
724
728
728
733
735
737
737
738
738
743
754
755
755
758
761
763
765
765
771
771
773
779
786
788
791
794
798
799
801
805
805
805
806
812
814
818
819
827
829
833
835
837
837
841
844
847
848
848
850
851
851
854
864
864
865
871
882
891
893
905
905
908
915
922
924
924
926
930
934
946
947
952
953
954
956
958
963
963
964
973
973
974
975
984
986
995
1000
1002
1006
1013
1014
1016
1018
1018
1019
1020
1021
1023
1025
1028
1028
1033
1039
1045
1046
1048
1048
1054
1062
1066
1070
1070
1074
1078
1079
1081
1087
1091
1093
1108
1109
1109
1111
1111
1111
1115
1130
1148
1148
1155
1160
1161
1163
1182
1183
1188
1188
1189
1190
1192
1193
1193
1196
1197
1198
1199
1201
1203
1208
1209
1213
1214
1218
1218
1219
1222
1223
1224
1228
1228
1229
1233
1244
1246
1246
1249
1250
1251
1254
1256
1258
1259
1266
1267
1268
1274
1275
1278
1282
1283
1285
1288
1289
1293
1294
1296
1303
1303
1312
1313
1323
1324
1327
1329
1330
1346
1346
1348
1348
1352
1354
1355
1356
1361
1369
1370
1373
1375
1380
1390
1396
1399
1401
1406
1409
1410
1411
1413
1413
1414
1417
1418
1419
1419
1428
1430
1433
1442
1445
1447
1452
1453
1455
1457
1463
1463
1467
1467
1469
1469
1472
1473
1473
1475
1482
1484
1484
1485
1488
1489
1490
1494
1501
1506
1514
1515
1520
1521
1522
1525
1525
1529
1531
1532
1533
1538
1543
1543
1545
1548
1550
1550
1551
1559
1563
1564
1564
1567
1568
1570
1573
1574
1577
1578
1579
1581
1582
1583
1590
1595
1597
1601
1601
1602
1608
1610
1613
1619
1621
1623
1625
1627
1627
1630
1630
1633
1638
1638
1642
1645
1648
1649
1653
1653
1654
1657
1661
1663
1665
1674
1677
1681
1683
1684
1686
1692
1697
1697
1698
1709
1717
1717
1718
1720
1722
1722
1724
1729
1747
1753
1759
1763
1773
1777
1779
1779
1787
1789
1792
1795
1796
1798
1806
1810
1813
1814
1816
1821
1822
1822
1823
1824
1825
1825
1830
1830
1830
1833
1834
1838
1842
1843
1844
1844
1845
1847
1856
1861
1865
1866
1870
1871
1878
1881
1882
1884
1885
1886
1889
1890
1892
1893
1893
1897
1899
1901
1902
1906
1908
1908
1910
1913
1915
1915
1918
1919
1919
1922
1925
1936
1939
1951
1952
1952
1959
1959
1960
1966
1966
1966
1971
1975
1977
1979
1986
1986
1989
1989
1990
1990
1994
2002
2003
2004
2005
2010
2011
2012
2013
2016
2016
2016
2020
2020
2021
2025
2025
2026
2031
2038
2039
2039
2039
2045
2055
2056
2059
2064
2070
2072
2074
2077
2080
2084
2087
2091
2094
2095
2096
2097
2100
2101
2101
2107
2107
2109
2110
2118
2118
2118
2126
2147
2147
2147
2158
2159
2162
2163
2163
2173
2174
2175
2177
2180
2181
2184
2189
2202
2202
2205
2211
2211
2212
2224
2230
2230
2233
2238
2244
2246
2246
2246
2247
2248
2249
2251
2253
2258
2258
2259
2260
2266
2270
2275
2278
2282
2286
2292
2298
2303
2304
2304
2306
2306
2307
2311
2311
2314
2324
2327
2327
2332
2333
2338
2338
2341
2342
2342
2344
2352
2352
2354
2356
2359
2362
2363
2364
2373
2375
2381
2383
2383
2384
2384
2386
2388
2389
2391
2393
2396
2396
2396
2397
2407
2409
2412
2414
2415
2417
2420
2425
2430
2433
2433
2433
2435
2437
2437
2442
2447
2455
2459
2468
2469
2470
2470
2470
2472
2473
2479
2480
2493
2496
2496
2497
2502
2505
2505
2506
2507
2510
2519
2520
2525
2527
2527
2533
2535
2545
2551
2553
2553
2555
2561
2563
2564
2565
2567
2568
2580
2581
2583
2584
2588
2593
2596
2610
2611
2613
2613
2616
2621
2623
2625
2627
2633
2639
2642
2649
2653
2653
2658
2663
2664
2665
2668
2670
2672
2673
2674
2675
2675
2679
2681
2685
2689
2690
2691
2693
2694
2695
2699
2708
2711
2712
2717
2719
2732
2736
2737
2737
2740
2740
2750
2761
2762
2764
2767
2769
2774
2775
2787
2789
2793
2794
2797
2797
2799
2807
2815
2822
2823
2826
2827
2831
2836
2839
2847
2848
2851
2860
2866
2872
2876
2876
2878
2879
2880
2886
2886
2891
2899
2901
2907
2917
2937
2938
2939
2939
2940
2941
2941
2945
2946
2946
2950
2956
2965
2968
2968
2972
2973
2978
2979
2987
2991
2994
3004
3005
3007
3008
3029
3033
3034
3035
3041
3046
3054
3062
3064
3070
3070
3073
3086
3088
3093
3094
3099
3099
3100
3104
3106
3108
3114
3116
3118
3124
3124
3127
3127
3127
3128
3130
3138
3145
3146
3160
3161
3163
3165
3178
3181
3183
3187
3196
3209
3211
3215
3215
3227
3232
3233
3241
3241
3242
3245
3251
3274
3283
3284
3287
3291
3298
3305
3305
3312
3314
3324
3324
3327
3328
3332
3341
3342
3351
3363
3376
3379
3390
3395
3419
3429
3436
3439
3441
3444
3450
3451
3452
3456
3456
3460
3465
3466
3468
3469
3470
3483
3490
3498
3499
3501
3502
3510
3512
3512
3522
3530
3536
3538
3538
3545
3548
3549
3554
3557
3561
3576
3576
3589
3589
3598
3600
3602
3604
3606
3607
3614
3627
3631
3631
3634
3641
3642
3645
3657
3665
3669
3677
3684
3686
3688
3691
3693
3695
3699
3699
3721
3728
3750
3752
3752
3755
3768
3773
3773
3778
3779
3779
3781
3782
3785
3787
3789
3790
3800
3805
3805
3807
3815
3824
3824
3832
3834
3844
3846
3847
3855
3856
3860
3862
3870
3870
3871
3874
3876
3879
3879
3886
3886
3886
3887
3887
3894
3898
3902
3907
3910
3916
3919
3920
3921
3925
3927
3932
3941
3945
3946
3947
3951
3965
3965
3967
3967
3979
3984
3995
4005
4008
4009
4011
4018
4034
4035
4055
4057
4057
4072
4076
4076
4079
4081
4082
4090
4094
4099
4099
4101
4105
4111
4111
4115
4119
4129
4135
4142
4144
4152
4152
4163
4165
4171
4173
4173
4181
4181
4186
4198
4200
4201
4201
4204
4204
4205
4207
4210
4218
4218
4219
4223
4230
4233
4235
4242
4245
4246
4249
4261
4262
4263
4266
4267
4269
4274
4286
4288
4301
4305
4331
4333
4334
4337
4339
4342
4345
4354
4357
4360
4361
4364
4368
4371
4378
4386
4389
4389
4389
4392
4395
4399
4403
4405
4411
4412
4412
4422
4424
4430
4431
4435
4436
4439
4441
4442
4446
4447
4448
4454
4458
4462
4464
4465
4466
4467
4472
4473
4474
4475
4476
4487
4499
4500
4504
4505
4506
4508
4522
4526
4531
4534
4536
4537
4537
4539
4555
4559
4563
4584
4589
4600
4602
4602
4603
4606
4609
4612
4625
4626
4629
4634
4646
4647
4652
4652
4656
4657
4662
4664
4667
4667
4679
4681
4681
4683
4684
4685
4689
4691
4694
4700
4708
4710
4716
4720
4729
4729
4733
4735
4742
4752
4752
4761
4763
4763
4765
4767
4771
4776
4777
4780
4781
4782
4783
4794
4807
4815
4817
4820
4831
4832
4836
4842
4848
4852
4856
4858
4861
4863
4865
4870
4879
4886
4889
4893
4900
4901
4901
4902
4911
4915
4915
4916
4919
4919
4921
4922
4924
4927
4931
4935
4943
4945
4945
4950
4965
4968
4969
4984
4985
4990
4990
4994
4994
4998
5014
5017
5018
5018
5020
5020
5028
5031
5037
5042
5042
5049
5056
5056
5063
5065
5067
5068
5070
5072
5072
5072
5082
5084
5092
5103
5108
5112
5112
5117
5118
5121
5126
5131
5136
5137
5146
5146
5158
5160
5161
5166
5173
5179
5181
5186
5188
5195
5205
5207
5211
5214
5214
5217
5218
5220
5221
5222
5227
5234
5238
5242
5247
5249
5251
5251
5254
5256
5256
5256
5258
5266
5267
5271
5275
5280
5284
5286
5287
5290
5292
5294
5296
5299
5299
5306
5308
5311
5312
5314
5317
5318
5319
5327
5328
5328
5334
5335
5344
5346
5346
5353
5366
5368
5371
5372
5372
5373
5373
5374
5376
5377
5383
5383
5384
5386
5395
5405
5407
5410
5414
5421
5425
5433
5434
5439
5442
5443
5444
5454
5458
5467
5468
5470
5475
5481
5482
5490
5491
5493
5496
5501
5502
5512
5513
5514
5522
5524
5526
5530
5532
5535
5540
5545
5553
5556
5557
5561
5565
5569
5572
5575
5587
5597
5600
5600
5602
5604
5607
5613
5615
5616
5624
5634
5647
5647
5648
5659
5661
5664
5675
5686
5699
5708
5712
5715
5720
5723
5724
5732
5738
5744
5748
5749
5752
5766
5772
5775
5779
5780
5780
5788
5790
5798
5801
5808
5808
5810
5811
5817
5826
5828
5831
5841
5853
5857
5863
5863
5866
5867
5868
5874
5876
5876
5877
5886
5888
5891
5898
5910
5911
5921
5927
5930
5944
5946
5950
5951
5957
5957
5957
5958
5961
5963
5964
5965
5967
5968
5971
5975
5982
5985
5988
5988
5996
5997
5997
6009
6016
6020
6024
6027
6029
6032
6052
6058
6058
6065
6071
6071
6078
6091
6093
6095
6096
6098
6106
6107
6109
6110
6112
6118
6123
6124
6129
6130
6132
6139
6147
6149
6150
6151
6152
6153
6153
6157
6165
6166
6168
6172
6182
6182
6183
6184
6187
6191
6194
6196
6196
6199
6204
6217
6227
6236
6241
6248
6251
6262
6264
6272
6278
6282
6284
6297
6298
6300
6301
6302
6307
6311
6317
6327
6328
6336
6339
6341
6341
6356
6360
6361
6368
6370
6371
6375
6377
6383
6389
6391
6393
6399
6404
6418
6422
6431
6431
6433
6433
6433
6440
6441
6442
6443
6445
6449
6469
6475
6480
6485
6485
6497
6498
6498
6499
6501
6504
6504
6515
6521
6523
6524
6525
6527
6536
6537
6543
6552
6558
6570
6571
6572
6573
6580
6599
6602
6604
6609
6617
6623
6629
6639
6640
6643
6643
6659
6671
6675
6679
6700
6706
6708
6720
6720
6721
6724
6728
6740
6742
6745
6746
6762
6766
6771
6777
6781
6784
6786
6791
6797
6798
6799
6799
6800
6802
6804
6807
6813
6814
6814
6817
6818
6821
6822
6826
6831
6833
6842
6852
6858
6859
6864
6864
6868
6877
6879
6880
6889
6891
6892
6893
6896
6908
6910
6912
6915
6918
6923
6926
6935
6943
6946
6946
6948
6948
6958
6960
6961
6961
6968
6968
6974
6975
6977
6983
6988
6994
6995
7002
7002
7004
7013
7023
7025
7025
7028
7034
7035
7036
7037
7044
7044
7054
7056
7063
7066
7068
7068
7077
7090
7091
7091
7094
7099
7100
7103
7106
7117
7117
7123
7131
7143
7148
7149
7152
7152
7163
7163
7174
7179
7183
7184
7191
7194
7199
7209
7213
7215
7219
7221
7225
7226
7228
7231
7241
7241
7242
7247
7251
7252
7254
7257
7261
7264
7266
7278
7283
7286
7290
7290
7290
7291
7299
7300
7305
7306
7309
7317
7319
7323
7326
7334
7340
7342
7344
7346
7349
7350
7358
7368
7370
7380
7380
7387
7391
7396
7396
7397
7398
7400
7401
7408
7410
7414
7418
7419
7422
7429
7429
7434
7436
7437
7439
7439
7448
7450
7451
7451
7451
7456
7457
7461
7463
7464
7470
7473
7480
7482
7483
7483
7484
7485
7504
7511
7517
7519
7524
7526
7531
7531
7533
7551
7566
7572
7573
7578
7585
7593
7601
7604
7608
7612
7613
7617
7620
7621
7621
7626
7626
7633
7639
7654
7656
7668
7670
7673
7675
7676
7677
7682
7684
7692
7697
7702
7722
7730
7733
7744
7744
7748
7749
7752
7758
7760
7761
7763
7765
7766
7768
7769
7770
7770
7772
7777
7781
7783
7792
7795
7797
7803
7821
7831
7832
7834
7838
7848
7850
7851
7854
7858
7860
7862
7863
7878
7884
7902
7906
7908
7912
7928
7929
7934
7937
7938
7944
7963
7964
7968
7971
7971
7976
7981
7985
7991
7993
7998
7999
8002
8009
8013
8014
8017
8021
8021
8028
8035
8048
8054
8055
8056
8056
8062
8067
8072
8106
8109
8112
8121
8121
8121
8123
8128
8129
8129
8130
8133
8138
8141
8150
8151
8166
8172
8174
8191
8193
8201
8207
8208
8213
8217
8227
8229
8253
8265
8265
8266
8270
8272
8272
8273
8279
8279
8289
8290
8292
8297
8305
8312
8319
8324
8333
8336
8349
8352
8353
8354
8354
8358
8370
8380
8381
8384
8390
8400
8401
8414
8414
8417
8423
8430
8431
8432
8432
8445
8448
8451
8469
8474
8478
8487
8488
8492
8494
8494
8503
8505
8512
8522
8527
8528
8532
8534
8538
8546
8551
8554
8564
8574
8580
8580
8583
8586
8587
8589
8590
8591
8594
8597
8599
8604
8613
8617
8617
8620
8622
8624
8627
8631
8632
8636
8646
8647
8652
8655
8660
8661
8661
8665
8667
8678
8682
8684
8686
8690
8693
8701
8710
8713
8716
8717
8719
8720
8723
8726
8737
8738
8742
8749
8751
8760
8763
8764
8769
8769
8773
8785
8787
8805
8816
8817
8827
8833
8840
8842
8847
8853
8859
8867
8867
8868
8868
8874
8878
8878
8884
8885
8903
8904
8909
8914
8915
8931
8946
8958
8962
8965
8968
8969
8972
8976
8983
8987
8987
8989
8999
9004
9004
9023
9024
9027
9029
9037
9042
9045
9045
9047
9049
9050
9054
9055
9071
9072
9088
9090
9092
9093
9099
9106
9108
9115
9119
9126
9127
9131
9136
9138
9143
9148
9149
9155
9155
9160
9183
9186
9195
9196
9198
9207
9221
9224
9225
9228
9231
9237
9239
9239
9244
9248
9249
9252
9255
9259
9266
9266
9267
9270
9270
9273
9281
9281
9285
9290
9293
9294
9298
9306
9312
9314
9316
9319
9320
9320
9325
9328
9331
9331
9333
9337
9339
9340
9342
9350
9352
9359
9364
9364
9374
9375
9382
9386
9388
9389
9392
9396
9396
9398
9403
9404
9404
9421
9425
9432
9434
9440
9442
9443
9450
9456
9459
9462
9467
9469
9469
9469
9469
9471
9471
9474
9477
9478
9480
9491
9494
9501
9503
9505
9513
9513
9516
9527
9535
9535
9536
9542
9542
9545
9547
9554
9554
9555
9558
9558
9562
9562
9562
9568
9569
9572
9574
9582
9586
9590
9596
9601
9606
9606
9606
9610
9613
9614
9620
9620
9624
9626
9628
9629
9644
9645
9649
9651
9652
9653
9654
9659
9663
9674
9679
9689
9695
9700
9711
9714
9719
9720
9721
9724
9726
9727
9732
9733
9733
9736
9747
9748
9750
9751
9759
9772
9777
9777
9780
9780
9782
9783
9784
9784
9792
9794
9796
9800
9800
9801
9804
9804
9818
9823
9830
9831
9833
9836
9838
9839
9842
9846
9850
9858
9860
9862
9869
9884
9886
9888
9892
9895
9912
9914
9917
9917
9921
9923
9925
9926
9929
9939
9940
9949
9951
9954
9957
9960
9971
9974
9976
9980
9985
9986
9990
9992
9996
9996
9997
