3
14
21
23
23
25
37
39
44
49
49
50
54
60
66
72
73
73
81
83
87
93
95
98
100
105
109
113
115
124
137
143
145
147
151
155
156
165
165
168
172
173
177
178
178
184
191
195
199
203
204
205
210
216
225
228
228
234
238
239
239
239
243
245
245
245
254
254
257
258
259
260
262
270
270
276
277
279
286
287
290
290
291
292
299
300
306
308
316
322
322
322
324
329
331
335
339
339
341
343
346
349
354
361
366
367
369
370
374
381
383
388
389
393
401
401
403
405
407
410
411
414
414
417
421
422
423
425
427
427
427
429
430
433
438
439
441
448
458
465
466
468
472
478
479
484
485
486
488
488
488
489
496
498
499
499
504
504
507
512
513
514
517
521
525
535
537
542
543
552
554
556
557
558
561
561
568
568
569
571
573
577
581
581
587
596
603
610
613
614
614
615
615
620
620
623
623
636
648
648
650
653
664
671
671
673
674
679
680
682
684
685
687
688
700
709
709
711
714
718
722
723
725
729
731
735
738
742
745
750
757
757
760
769
770
774
783
785
786
787
792
795
796
800
800
801
808
810
812
821
831
832
839
848
856
857
857
869
872
873
874
875
878
883
899
905
911
916
918
922
936
939
941
942
943
943
946
948
948
948
950
952
953
954
965
974
974
974
976
979
982
986
990
996
1000
1006
1007
1008
1013
1016
1022
1024
1028
1029
1033
1033
1033
1034
1038
1044
1046
1050
1056
1061
1063
1064
1074
1081
1087
1094
1098
1102
1103
1104
1105
1116
1118
1124
1125
1129
1130
1132
1146
1151
1152
1153
1154
1158
1160
1161
1171
1174
1179
1181
1184
1187
1189
1193
1194
1198
1198
1201
1202
1202
1209
1211
1220
1222
1222
1229
1229
1231
1233
1234
1234
1239
1246
1247
1247
1248
1250
1252
1255
1255
1257
1258
1261
1265
1287
1287
1289
1291
1298
1298
1302
1307
1308
1311
1311
1317
1319
1327
1331
1333
1335
1338
1339
1341
1342
1351
1351
1354
1365
1366
1368
1373
1377
1379
1381
1385
1386
1388
1398
1414
1418
1420
1423
1423
1434
1444
1445
1448
1450
1457
1464
1465
1465
1473
1485
1486
1491
1493
1496
1496
1498
1501
1503
1509
1511
1511
1515
1516
1523
1533
1535
1537
1539
1543
1545
1548
1550
1551
1553
1559
1561
1565
1568
1572
1574
1576
1576
1581
1588
1605
1606
1616
1621
1621
1622
1628
1629
1633
1635
1636
1637
1639
1640
1642
1651
1651
1663
1663
1663
1664
1682
1687
1689
1690
1693
1693
1694
1695
1697
1702
1707
1712
1717
1724
1735
1744
1746
1749
1753
1753
1759
1763
1764
1764
1767
1772
1772
1775
1775
1775
1778
1785
1787
1789
1799
1799
1804
1808
1810
1814
1817
1818
1820
1832
1833
1838
1840
1840
1841
1842
1844
1846
1847
1857
1864
1864
1864
1867
1870
1871
1872
1878
1882
1882
1885
1886
1888
1891
1900
1907
1907
1910
1928
1936
1938
1938
1943
1945
1950
1953
1958
1965
1966
1966
1969
1977
1981
1984
1996
1997
1999
2004
2006
2009
2011
2014
2014
2016
2017
2019
2019
2019
2022
2022
2025
2026
2027
2030
2033
2033
2035
2036
2037
2039
2048
2055
2056
2057
2058
2058
2064
2080
2090
2093
2097
2098
2099
2105
2108
2113
2121
2122
2133
2133
2136
2141
2142
2143
2146
2159
2160
2162
2163
2167
2168
2168
2171
2175
2180
2186
2187
2187
2192
2201
2204
2210
2210
2223
2226
2227
2227
2231
2239
2241
2251
2253
2258
2262
2264
2276
2276
2281
2282
2282
2285
2296
2297
2297
2302
2303
2307
2310
2315
2338
2342
2343
2349
2352
2352
2356
2358
2358
2362
2363
2369
2373
2374
2375
2380
2388
2388
2391
2393
2398
2401
2402
2404
2413
2417
2419
2424
2425
2429
2433
2435
2439
2440
2442
2443
2443
2447
2447
2449
2450
2458
2458
2460
2463
2467
2472
2476
2487
2490
2495
2497
2509
2512
2516
2517
2523
2524
2524
2526
2532
2533
2534
2536
2536
2539
2544
2544
2552
2557
2557
2563
2563
2565
2566
2566
2578
2578
2579
2580
2580
2582
2586
2587
2595
2600
2605
2609
2610
2610
2611
2618
2631
2632
2637
2649
2650
2651
2657
2659
2665
2671
2674
2679
2682
2686
2691
2693
2694
2694
2698
2700
2700
2703
2708
2708
2717
2718
2720
2721
2725
2734
2735
2739
2739
2739
2742
2760
2773
2789
2790
2797
2798
2803
2810
2819
2829
2832
2835
2841
2849
2859
2863
2871
2874
2879
2883
2894
2902
2907
2919
2924
2932
2941
2947
2948
2950
2955
2956
2960
2961
2963
2966
2969
2973
2983
2984
2993
2993
2994
3008
3008
3010
3025
3027
3028
3034
3035
3043
3046
3049
3050
3056
3065
3068
3074
3075
3079
3079
3080
3095
3115
3116
3118
3127
3128
3136
3137
3142
3149
3154
3175
3175
3178
3179
3180
3185
3187
3191
3199
3202
3205
3212
3229
3235
3242
3250
3255
3256
3257
3257
3271
3272
3273
3281
3286
3286
3286
3287
3291
3295
3298
3300
3305
3318
3319
3329
3332
3333
3335
3336
3339
3346
3348
3348
3355
3356
3375
3386
3391
3391
3393
3401
3414
3433
3436
3439
3457
3460
3464
3492
3493
3495
3495
3498
3506
3513
3514
3522
3528
3528
3528
3532
3533
3539
3541
3541
3548
3555
3557
3563
3566
3579
3581
3588
3594
3595
3598
3609
3618
3623
3632
3633
3635
3636
3646
3647
3654
3656
3658
3674
3680
3688
3697
3699
3701
3713
3724
3724
3725
3727
3734
3746
3753
3763
3765
3768
3768
3769
3778
3778
3780
3781
3782
3786
3788
3789
3801
3802
3811
3813
3817
3818
3819
3822
3831
3833
3834
3839
3844
3846
3849
3851
3859
3869
3874
3895
3903
3907
3912
3913
3914
3917
3918
3919
3923
3929
3935
3938
3953
3955
3955
3957
3959
3965
3965
3970
3971
3976
3976
3976
3979
3982
3983
3989
3998
3999
4000
4010
4012
4017
4019
4020
4024
4025
4027
4028
4030
4030
4034
4038
4039
4040
4040
4041
4043
4047
4048
4062
4066
4070
4071
4073
4078
4079
4081
4081
4086
4086
4086
4091
4093
4093
4100
4107
4109
4116
4121
4141
4145
4148
4152
4167
4171
4180
4184
4184
4187
4188
4188
4191
4192
4193
4193
4197
4198
4208
4211
4215
4217
4217
4219
4221
4226
4231
4234
4237
4244
4245
4247
4255
4259
4260
4268
4268
4278
4285
4290
4290
4298
4312
4325
4326
4334
4336
4343
4346
4351
4354
4378
4380
4381
4392
4396
4396
4406
4411
4413
4416
4431
4436
4447
4450
4452
4456
4457
4460
4470
4479
4485
4485
4496
4501
4507
4511
4511
4514
4516
4516
4541
4543
4550
4551
4553
4553
4554
4554
4563
4575
4580
4580
4585
4586
4586
4606
4608
4610
4615
4628
4630
4631
4645
4647
4658
4673
4673
4678
4682
4703
4720
4724
4725
4725
4730
4732
4733
4737
4741
4749
4755
4763
4768
4770
4781
4781
4787
4790
4790
4797
4798
4805
4807
4808
4808
4808
4826
4834
4834
4861
4873
4873
4874
4883
4883
4887
4895
4897
4898
4905
4920
4928
4931
4940
4943
4944
4946
4948
4949
4951
4960
4962
4965
4969
4972
4978
4979
4997
5009
5011
5020
5029
5032
5032
5043
5058
5075
5077
5078
5087
5087
5089
5093
5095
5098
5099
5099
5103
5109
5117
5127
5128
5137
5139
5141
5142
5147
5157
5159
5162
5172
5177
5182
5185
5204
5204
5212
5214
5215
5216
5219
5230
5230
5237
5239
5240
5245
5250
5261
5265
5267
5268
5272
5280
5280
5282
5298
5298
5299
5305
5319
5320
5327
5327
5331
5337
5345
5348
5349
5350
5351
5359
5366
5369
5372
5374
5379
5380
5382
5385
5394
5397
5398
5399
5399
5411
5412
5415
5421
5424
5435
5435
5439
5451
5453
5454
5457
5462
5466
5469
5474
5482
5502
5503
5507
5521
5530
5536
5538
5544
5544
5551
5554
5563
5566
5571
5571
5587
5589
5592
5599
5616
5623
5625
5626
5635
5636
5636
5655
5662
5672
5672
5674
5690
5700
5703
5717
5725
5732
5737
5749
5756
5758
5758
5771
5772
5773
5774
5774
5787
5796
5799
5799
5822
5827
5830
5837
5850
5850
5854
5855
5858
5866
5871
5875
5877
5880
5884
5889
5891
5893
5900
5905
5914
5915
5916
5920
5922
5943
5946
5947
5949
5957
5960
5973
5981
5984
5989
6007
6010
6011
6022
6022
6025
6026
6027
6035
6039
6053
6061
6064
6072
6072
6075
6085
6086
6086
6091
6098
6103
6104
6107
6113
6114
6115
6120
6121
6130
6133
6137
6140
6143
6144
6150
6151
6153
6154
6158
6165
6169
6170
6176
6188
6199
6203
6204
6206
6208
6228
6230
6250
6252
6253
6255
6258
6263
6265
6271
6276
6284
6284
6289
6297
6306
6310
6312
6317
6323
6326
6329
6330
6347
6347
6347
6348
6350
6353
6354
6360
6374
6378
6385
6386
6387
6387
6393
6394
6395
6416
6419
6420
6420
6421
6430
6432
6438
6438
6439
6441
6445
6455
6461
6463
6464
6466
6467
6469
6475
6482
6484
6485
6487
6491
6498
6506
6506
6513
6521
6528
6534
6537
6537
6538
6540
6552
6554
6556
6556
6561
6563
6570
6574
6574
6578
6578
6582
6582
6596
6598
6601
6619
6619
6624
6646
6652
6654
6654
6675
6681
6683
6686
6690
6694
6697
6699
6699
6700
6702
6704
6708
6708
6715
6742
6742
6744
6747
6754
6758
6759
6768
6777
6777
6784
6785
6788
6789
6795
6802
6814
6834
6837
6847
6848
6852
6858
6859
6864
6867
6867
6867
6877
6886
6891
6902
6904
6916
6917
6937
6938
6940
6954
6963
6969
6969
6973
6973
6978
6981
6983
6986
6996
7002
7004
7009
7009
7035
7039
7052
7065
7066
7073
7074
7078
7080
7084
7094
7099
7105
7106
7109
7120
7122
7127
7131
7144
7147
7151
7156
7159
7163
7169
7174
7180
7194
7205
7205
7214
7222
7225
7225
7226
7234
7235
7238
7251
7255
7262
7279
7282
7291
7293
7293
7295
7300
7300
7301
7303
7308
7313
7313
7328
7338
7342
7344
7347
7352
7360
7360
7363
7368
7373
7377
7380
7381
7396
7399
7400
7404
7404
7405
7409
7409
7413
7420
7428
7432
7434
7434
7436
7438
7441
7444
7446
7453
7455
7458
7470
7473
7474
7474
7476
7485
7497
7502
7511
7513
7513
7523
7528
7536
7537
7539
7546
7547
7553
7558
7563
7565
7566
7575
7579
7579
7593
7599
7607
7613
7632
7633
7635
7642
7649
7656
7657
7661
7670
7673
7683
7693
7699
7722
7729
7730
7741
7742
7745
7749
7754
7755
7760
7765
7767
7767
7770
7778
7781
7792
7792
7793
7794
7806
7809
7810
7822
7823
7823
7824
7830
7835
7836
7838
7844
7844
7844
7847
7856
7865
7867
7869
7869
7874
7874
7877
7879
7881
7899
7906
7909
7910
7910
7916
7931
7931
7941
7956
7960
7965
7968
7972
7979
7982
7984
7988
7990
7991
8000
8000
8003
8010
8015
8016
8021
8024
8031
8034
8036
8045
8046
8058
8067
8074
8085
8094
8094
8098
8101
8102
8105
8115
8126
8128
8143
8146
8146
8183
8185
8189
8191
8199
8201
8207
8211
8227
8230
8241
8251
8251
8251
8259
8260
8272
8273
8281
8293
8295
8317
8320
8322
8323
8324
8331
8331
8334
8335
8346
8354
8363
8369
8371
8371
8373
8376
8384
8387
8392
8397
8408
8408
8409
8412
8414
8418
8436
8445
8450
8453
8454
8456
8457
8463
8464
8476
8496
8504
8506
8513
8517
8525
8525
8526
8540
8542
8544
8551
8553
8557
8557
8566
8569
8575
8575
8577
8582
8583
8590
8593
8600
8613
8617
8618
8619
8621
8625
8632
8635
8650
8653
8654
8658
8660
8665
8672
8675
8678
8685
8687
8704
8707
8715
8715
8717
8722
8724
8733
8737
8743
8743
8747
8753
8764
8765
8769
8778
8778
8792
8794
8799
8799
8805
8817
8825
8828
8836
8841
8842
8852
8855
8856
8865
8869
8879
8881
8883
8884
8884
8887
8897
8899
8901
8902
8903
8911
8923
8929
8930
8933
8934
8935
8938
8938
8940
8946
8948
8951
8954
8961
8962
8962
8968
8973
8978
8983
8986
8990
8997
9000
9013
9017
9018
9029
9032
9036
9036
9058
9061
9066
9071
9072
9073
9082
9084
9089
9090
9101
9105
9119
9120
9125
9133
9141
9144
9148
9154
9156
9166
9178
9181
9188
9188
9190
9192
9195
9204
9212
9213
9215
9225
9226
9226
9231
9240
9243
9244
9247
9248
9260
9260
9269
9278
9287
9289
9299
9299
9301
9302
9305
9308
9311
9311
9316
9319
9331
9335
9336
9341
9344
9353
9353
9358
9359
9377
9396
9396
9396
9397
9398
9413
9423
9431
9437
9441
9450
9450
9450
9455
9455
9455
9460
9474
9478
9479
9481
9485
9490
9492
9506
9508
9510
9515
9516
9523
9527
9534
9541
9550
9557
9559
9564
9565
9567
9571
9578
9579
9592
9595
9600
9605
9605
9607
9610
9624
9625
9640
9648
9659
9665
9666
9673
9673
9675
9676
9677
9680
9689
9690
9693
9701
9703
9705
9717
9720
9726
9743
9747
9752
9766
9773
9776
9776
9782
9783
9786
9806
9811
9813
9817
9819
9828
9840
9844
9845
9846
9852
9864
9865
9866
9866
9874
9877
9877
9885
9887
9892
9908
9908
9910
9914
9926
9940
9945
9964
9965
9976
9978
9979
9982
9985
9988
9993
9996
