3
5
5
6
7
9
10
14
14
14
17
17
20
20
21
21
32
34
34
36
36
36
37
39
39
40
49
49
50
51
51
58
59
60
60
64
66
69
69
71
73
73
75
78
79
79
81
84
84
84
85
87
87
91
91
95
98
98
100
101
102
103
106
107
109
113
115
115
116
117
118
120
120
128
130
131
133
133
137
143
143
144
145
148
155
158
159
160
161
161
162
165
165
165
165
168
173
176
177
178
179
182
185
187
189
190
191
191
193
193
196
198
202
203
205
207
208
208
210
210
211
211
213
213
214
216
216
218
219
219
228
236
236
238
245
245
245
251
254
256
257
257
258
259
259
259
260
260
263
264
265
266
268
269
269
273
273
274
277
277
279
280
280
281
283
285
285
290
291
291
292
300
301
308
310
311
316
317
319
322
324
324
324
326
329
329
335
336
339
339
340
340
341
345
346
349
350
354
357
358
361
367
368
370
374
381
388
389
392
393
393
393
395
398
399
401
401
403
405
405
411
413
414
414
415
417
417
418
418
419
421
422
422
423
423
426
427
430
436
439
439
441
441
442
443
444
445
446
447
448
448
449
451
454
460
462
462
463
464
465
466
466
466
468
470
473
478
479
480
483
483
484
485
488
488
488
489
492
495
496
498
499
499
504
504
509
510
513
513
514
520
521
521
524
525
525
525
525
526
526
530
531
532
537
542
552
552
554
554
557
557
560
561
563
565
567
567
569
571
571
573
577
579
580
581
583
583
586
587
589
592
595
596
597
598
599
602
604
606
608
611
614
615
617
622
623
625
629
635
639
639
641
653
656
656
662
662
662
667
667
672
672
673
673
674
677
681
681
684
685
687
689
691
692
692
700
705
708
709
709
712
713
718
722
723
724
725
728
728
728
729
733
735
735
737
737
737
738
738
742
743
745
754
755
755
758
761
763
765
765
766
769
771
771
771
773
778
779
785
786
788
788
791
791
793
794
795
798
799
800
801
805
805
805
806
808
810
812
812
814
818
818
819
821
827
829
833
835
837
837
841
841
844
847
848
848
848
850
851
851
854
855
857
857
858
862
864
864
865
869
870
871
873
874
882
883
888
891
891
893
905
905
908
911
915
922
924
924
926
930
934
936
941
943
944
946
946
947
948
952
953
954
954
955
956
958
963
963
964
970
973
973
974
974
974
975
979
984
986
986
990
995
1000
1000
1002
1006
1006
1007
1013
1013
1014
1016
1016
1018
1018
1019
1020
1021
1023
1025
1026
1026
1028
1028
1028
1029
1033
1033
1039
1044
1044
1045
1046
1048
1048
1050
1054
1062
1066
1070
1070
1070
1074
1078
1079
1081
1087
1091
1093
1094
1101
1104
1107
1108
1109
1109
1111
1111
1111
1115
1116
1121
1122
1125
1130
1130
1132
1132
1143
1146
1148
1148
1151
1152
1153
1155
1160
1160
1161
1161
1163
1171
1177
1179
1182
1183
1188
1188
1189
1189
1190
1192
1193
1193
1193
1196
1197
1198
1199
1201
1202
1203
1203
1208
1209
1209
1211
1213
1214
1218
1218
1219
1222
1222
1223
1224
1228
1228
1229
1230
1231
1233
1233
1239
1243
1244
1246
1246
1247
1247
1248
1249
1250
1251
1252
1254
1256
1258
1259
1261
1266
1267
1268
1268
1274
1275
1278
1279
1282
1283
1284
1285
1287
1287
1287
1288
1289
1289
1293
1294
1296
1297
1298
1301
1302
1303
1303
1307
1308
1309
1311
1312
1313
1317
1323
1324
1327
1327
1329
1330
1332
1333
1333
1339
1341
1342
1346
1346
1348
1348
1351
1352
1354
1354
1355
1356
1361
1368
1369
1370
1373
1375
1380
1383
1388
1390
1396
1399
1401
1401
1406
1409
1410
1411
1413
1413
1414
1414
1416
1417
1418
1418
1419
1419
1420
1423
1428
1430
1433
1442
1444
1445
1445
1447
1452
1453
1455
1457
1457
1459
1463
1463
1464
1465
1467
1467
1469
1469
1472
1473
1473
1475
1477
1482
1484
1484
1485
1485
1486
1488
1489
1489
1490
1491
1493
1493
1494
1496
1496
1497
1501
1501
1506
1509
1511
1514
1515
1520
1521
1522
1525
1525
1529
1531
1532
1533
1535
1537
1538
1539
1543
1543
1543
1545
1548
1548
1550
1550
1550
1551
1551
1559
1561
1563
1564
1564
1564
1565
1566
1567
1568
1568
1570
1572
1573
1574
1576
1577
1578
1579
1581
1581
1582
1583
1589
1590
1595
1597
1600
1601
1601
1601
1602
1606
1608
1610
1613
1616
1617
1619
1621
1621
1623
1625
1626
1627
1627
1628
1629
1630
1630
1630
1633
1633
1635
1636
1638
1638
1639
1642
1645
1648
1648
1649
1651
1653
1653
1654
1657
1661
1663
1665
1674
1675
1675
1677
1677
1680
1681
1682
1683
1684
1686
1687
1689
1690
1692
1694
1697
1697
1697
1698
1702
1703
1707
1709
1712
1717
1717
1717
1717
1718
1720
1722
1722
1724
1729
1730
1735
1747
1753
1759
1759
1763
1763
1764
1767
1767
1772
1773
1775
1777
1778
1778
1779
1779
1781
1785
1785
1785
1787
1789
1792
1795
1796
1798
1804
1806
1807
1808
1810
1813
1814
1814
1816
1818
1821
1822
1822
1823
1824
1824
1825
1825
1830
1830
1830
1833
1833
1834
1838
1840
1842
1843
1844
1844
1845
1845
1846
1847
1847
1854
1856
1857
1860
1861
1864
1865
1866
1867
1870
1870
1871
1871
1872
1874
1878
1878
1881
1882
1882
1884
1885
1886
1888
1889
1890
1891
1892
1893
1893
1897
1899
1900
1901
1902
1906
1907
1908
1908
1908
1910
1913
1915
1915
1918
1919
1919
1920
1922
1925
1929
1931
1936
1938
1939
1941
1942
1945
1949
1950
1951
1952
1952
1954
1958
1959
1959
1960
1961
1964
1965
1966
1966
1966
1966
1966
1969
1971
1971
1974
1975
1977
1977
1978
1979
1981
1984
1986
1986
1989
1989
1990
1990
1994
1996
1997
1999
2002
2003
2004
2004
2005
2009
2010
2011
2012
2013
2013
2014
2016
2016
2016
2016
2019
2019
2019
2020
2020
2021
2022
2025
2025
2026
2026
2026
2027
2030
2031
2033
2033
2037
2038
2039
2039
2039
2039
2045
2047
2048
2050
2055
2056
2056
2056
2057
2059
2064
2070
2072
2074
2077
2077
2080
2080
2084
2087
2087
2090
2091
2093
2094
2095
2096
2097
2097
2098
2100
2101
2101
2107
2107
2109
2110
2117
2118
2118
2118
2121
2122
2126
2133
2134
2142
2145
2146
2146
2147
2147
2147
2150
2151
2153
2157
2158
2159
2159
2162
2162
2163
2163
2164
2168
2168
2171
2173
2174
2175
2175
2177
2179
2180
2181
2184
2187
2187
2188
2189
2192
2192
2201
2202
2202
2203
2204
2205
2211
2211
2212
2219
2220
2223
2224
2227
2229
2229
2230
2230
2233
2238
2238
2239
2241
2244
2246
2246
2246
2247
2248
2249
2251
2253
2253
2258
2258
2258
2259
2259
2260
2262
2263
2264
2266
2270
2275
2276
2278
2281
2282
2282
2282
2285
2286
2290
2292
2297
2297
2298
2300
2303
2303
2304
2304
2306
2306
2307
2311
2311
2314
2315
2316
2324
2325
2326
2327
2327
2332
2333
2334
2338
2338
2338
2341
2342
2342
2344
2349
2349
2352
2352
2352
2354
2356
2356
2358
2358
2359
2362
2362
2363
2363
2364
2371
2373
2374
2375
2375
2376
2380
2381
2383
2383
2384
2384
2386
2388
2388
2389
2389
2391
2393
2393
2396
2396
2396
2397
2397
2398
2400
2401
2402
2404
2407
2409
2412
2414
2414
2415
2417
2420
2421
2424
2425
2425
2430
2433
2433
2433
2433
2435
2437
2437
2440
2442
2443
2447
2455
2458
2459
2460
2463
2468
2469
2470
2470
2470
2472
2472
2473
2475
2476
2479
2480
2487
2490
2490
2493
2495
2496
2496
2497
2497
2502
2505
2505
2506
2507
2509
2510
2512
2516
2517
2519
2520
2520
2524
2525
2526
2527
2527
2533
2534
2535
2536
2536
2539
2545
2548
2551
2552
2553
2553
2555
2557
2561
2561
2563
2563
2563
2564
2565
2565
2567
2568
2580
2580
2580
2581
2582
2583
2584
2586
2588
2592
2593
2595
2596
2596
2605
2610
2610
2611
2611
2613
2613
2614
2616
2618
2621
2621
2621
2623
2623
2625
2627
2629
2631
2633
2637
2639
2642
2649
2651
2651
2653
2653
2658
2659
2659
2663
2664
2665
2665
2665
2668
2670
2671
2672
2673
2674
2675
2675
2679
2679
2681
2685
2689
2690
2691
2693
2694
2694
2695
2696
2699
2708
2708
2711
2712
2717
2718
2719
2720
2725
2730
2732
2735
2736
2737
2737
2740
2740
2742
2750
2752
2761
2762
2763
2764
2767
2769
2773
2774
2775
2780
2787
2789
2790
2793
2794
2797
2797
2798
2799
2800
2803
2807
2810
2815
2819
2819
2822
2823
2825
2826
2827
2831
2832
2836
2839
2841
2847
2848
2849
2851
2860
2863
2866
2872
2873
2874
2876
2876
2878
2879
2880
2886
2886
2886
2891
2897
2899
2899
2901
2902
2902
2903
2907
2907
2915
2917
2932
2933
2934
2937
2938
2939
2939
2939
2940
2941
2941
2945
2946
2946
2950
2955
2956
2956
2963
2965
2966
2968
2968
2969
2972
2973
2978
2979
2980
2983
2987
2991
2994
2994
3004
3005
3007
3008
3010
3027
3027
3029
3030
3033
3034
3034
3035
3035
3041
3042
3046
3046
3054
3056
3062
3064
3069
3070
3070
3073
3074
3079
3086
3087
3088
3093
3094
3095
3099
3099
3100
3104
3104
3106
3108
3114
3115
3116
3118
3124
3124
3127
3127
3127
3128
3130
3137
3138
3144
3145
3146
3149
3160
3161
3163
3165
3175
3175
3178
3180
3180
3181
3183
3185
3187
3189
3196
3199
3202
3209
3211
3211
3212
3213
3215
3215
3227
3229
3231
3232
3233
3238
3241
3241
3242
3242
3245
3251
3257
3257
3261
3264
3271
3274
3274
3277
3281
3283
3284
3286
3287
3287
3291
3291
3298
3300
3301
3305
3305
3312
3314
3315
3324
3324
3327
3328
3329
3332
3335
3339
3341
3342
3346
3348
3348
3348
3351
3356
3363
3375
3376
3379
3390
3391
3395
3401
3419
3429
3435
3436
3439
3441
3444
3450
3451
3452
3452
3452
3456
3456
3456
3460
3460
3464
3465
3466
3468
3469
3470
3470
3483
3486
3490
3493
3495
3498
3498
3499
3501
3502
3506
3510
3512
3512
3513
3514
3516
3522
3528
3530
3533
3536
3538
3538
3539
3541
3545
3548
3549
3554
3555
3557
3557
3558
3561
3566
3571
3576
3576
3588
3589
3589
3595
3598
3600
3602
3604
3606
3606
3607
3609
3614
3621
3623
3627
3628
3631
3631
3633
3634
3634
3641
3642
3645
3646
3656
3657
3665
3669
3673
3674
3677
3678
3681
3684
3686
3688
3688
3691
3693
3695
3697
3699
3699
3699
3709
3710
3721
3724
3727
3728
3730
3734
3739
3750
3752
3752
3755
3762
3765
3765
3766
3768
3768
3773
3773
3778
3779
3779
3779
3779
3781
3781
3782
3785
3787
3789
3790
3797
3800
3802
3805
3805
3807
3811
3813
3815
3818
3822
3824
3824
3831
3832
3833
3834
3834
3839
3844
3846
3846
3847
3851
3855
3856
3860
3862
3862
3868
3869
3870
3870
3871
3874
3874
3876
3879
3879
3885
3886
3886
3886
3887
3887
3894
3895
3898
3898
3902
3903
3903
3907
3907
3910
3912
3913
3914
3916
3919
3920
3921
3923
3925
3927
3927
3929
3932
3935
3941
3945
3946
3947
3951
3951
3955
3955
3956
3957
3959
3965
3965
3965
3967
3967
3970
3971
3976
3976
3976
3979
3983
3984
3986
3995
3998
3999
4000
4005
4007
4008
4008
4009
4010
4011
4012
4018
4019
4020
4025
4028
4028
4030
4032
4034
4034
4035
4038
4040
4041
4054
4055
4057
4057
4069
4070
4070
4071
4072
4073
4076
4076
4077
4078
4079
4081
4082
4082
4086
4090
4091
4094
4097
4099
4099
4100
4101
4105
4109
4111
4111
4115
4119
4121
4121
4129
4135
4138
4142
4144
4145
4148
4152
4152
4152
4161
4163
4165
4165
4167
4170
4171
4173
4173
4178
4181
4181
4184
4186
4191
4192
4198
4200
4201
4201
4204
4204
4205
4207
4207
4210
4211
4215
4217
4218
4218
4219
4219
4221
4223
4226
4230
4231
4233
4235
4237
4242
4245
4246
4249
4254
4255
4260
4261
4261
4262
4263
4263
4266
4267
4268
4269
4274
4278
4282
4285
4286
4288
4296
4298
4301
4305
4325
4331
4333
4334
4334
4336
4337
4339
4342
4342
4345
4346
4351
4354
4354
4357
4357
4360
4361
4364
4368
4371
4378
4378
4378
4381
4386
4389
4389
4389
4392
4395
4396
4399
4403
4405
4405
4411
4412
4412
4420
4422
4424
4430
4431
4431
4435
4436
4439
4441
4442
4446
4447
4448
4450
4454
4457
4458
4461
4462
4464
4465
4466
4467
4467
4470
4472
4473
4474
4475
4476
4485
4487
4499
4500
4501
4503
4504
4505
4505
4505
4506
4507
4508
4511
4511
4511
4514
4516
4516
4522
4524
4526
4531
4534
4536
4537
4537
4539
4540
4543
4551
4554
4555
4559
4563
4563
4580
4584
4585
4587
4589
4600
4602
4602
4603
4604
4606
4606
4608
4609
4610
4610
4612
4625
4626
4628
4629
4630
4631
4634
4638
4646
4647
4647
4652
4652
4656
4656
4657
4662
4664
4667
4667
4678
4679
4681
4681
4683
4684
4685
4689
4691
4694
4694
4697
4700
4701
4708
4710
4716
4720
4729
4729
4732
4733
4733
4735
4737
4738
4741
4742
4744
4752
4752
4761
4763
4763
4763
4765
4767
4768
4768
4770
4771
4776
4777
4780
4781
4781
4781
4782
4783
4789
4790
4794
4798
4805
4807
4808
4808
4810
4815
4817
4820
4826
4831
4832
4832
4836
4842
4842
4848
4852
4856
4856
4857
4858
4861
4861
4863
4865
4866
4870
4873
4874
4879
4883
4886
4887
4889
4893
4897
4900
4900
4901
4901
4902
4911
4914
4915
4915
4916
4918
4919
4919
4921
4922
4924
4927
4931
4934
4935
4943
4943
4945
4945
4946
4950
4951
4956
4961
4965
4968
4969
4969
4972
4973
4975
4979
4984
4985
4988
4990
4990
4994
4994
4997
4998
5009
5011
5014
5015
5017
5018
5018
5020
5020
5020
5025
5026
5028
5031
5032
5034
5037
5042
5042
5048
5049
5056
5056
5063
5065
5067
5067
5068
5070
5072
5072
5072
5075
5077
5082
5084
5087
5087
5087
5089
5092
5098
5099
5103
5108
5112
5112
5117
5117
5118
5121
5122
5126
5131
5132
5136
5137
5141
5146
5146
5147
5154
5158
5159
5160
5161
5165
5166
5172
5173
5179
5181
5186
5187
5188
5195
5204
5205
5207
5207
5211
5212
5214
5214
5214
5215
5217
5218
5219
5220
5221
5222
5227
5230
5234
5237
5238
5242
5247
5249
5250
5251
5251
5254
5256
5256
5256
5258
5260
5261
5265
5266
5267
5271
5272
5273
5275
5280
5280
5284
5286
5287
5287
5290
5292
5294
5296
5296
5298
5299
5299
5303
5305
5306
5308
5309
5311
5312
5314
5316
5317
5318
5319
5319
5320
5327
5327
5327
5328
5328
5331
5334
5335
5339
5344
5345
5346
5346
5353
5353
5354
5359
5361
5366
5366
5368
5369
5371
5372
5372
5372
5373
5373
5374
5376
5377
5379
5382
5383
5383
5384
5386
5387
5395
5395
5397
5399
5403
5405
5407
5410
5412
5414
5415
5415
5417
5418
5421
5421
5424
5425
5433
5434
5435
5439
5439
5442
5443
5444
5450
5451
5453
5454
5454
5457
5458
5467
5468
5470
5474
5475
5481
5482
5490
5491
5493
5496
5501
5502
5502
5503
5512
5512
5513
5514
5515
5522
5524
5526
5530
5530
5532
5535
5536
5538
5540
5543
5544
5545
5551
5553
5554
5556
5557
5561
5565
5566
5569
5571
5572
5575
5584
5587
5587
5592
5597
5600
5600
5602
5604
5607
5613
5613
5615
5616
5616
5623
5624
5625
5626
5631
5634
5635
5639
5647
5647
5648
5649
5659
5661
5662
5664
5670
5672
5672
5673
5675
5682
5686
5687
5699
5701
5708
5712
5715
5720
5723
5724
5732
5735
5737
5738
5744
5744
5745
5748
5749
5749
5751
5752
5755
5758
5759
5766
5772
5773
5774
5775
5779
5780
5780
5787
5788
5790
5798
5799
5801
5801
5806
5808
5808
5810
5811
5817
5822
5822
5826
5827
5828
5831
5837
5841
5842
5847
5852
5853
5854
5855
5857
5858
5863
5863
5866
5866
5867
5868
5871
5874
5875
5876
5876
5877
5877
5880
5886
5888
5891
5891
5892
5893
5897
5898
5910
5911
5914
5915
5916
5920
5921
5922
5927
5928
5930
5943
5944
5946
5947
5949
5950
5951
5957
5957
5957
5957
5958
5960
5961
5963
5964
5965
5967
5968
5971
5973
5975
5981
5982
5985
5988
5988
5996
5997
5997
5997
6004
6007
6009
6010
6016
6020
6022
6022
6024
6026
6027
6027
6029
6032
6039
6043
6052
6056
6058
6058
6061
6065
6067
6071
6071
6072
6072
6078
6085
6086
6091
6091
6093
6095
6095
6096
6098
6098
6104
6106
6107
6107
6107
6109
6110
6112
6115
6118
6120
6123
6124
6129
6130
6132
6133
6137
6139
6139
6140
6143
6144
6147
6148
6149
6150
6151
6152
6153
6153
6157
6158
6165
6166
6168
6169
6172
6182
6182
6183
6184
6187
6188
6191
6193
6194
6194
6196
6196
6198
6199
6199
6201
6203
6204
6210
6217
6222
6227
6233
6236
6236
6241
6248
6250
6251
6255
6262
6264
6272
6274
6278
6282
6284
6284
6284
6287
6294
6297
6297
6298
6300
6301
6302
6307
6310
6311
6312
6315
6317
6317
6327
6328
6329
6330
6336
6339
6341
6341
6345
6347
6347
6350
6354
6356
6360
6361
6368
6370
6371
6375
6377
6383
6385
6385
6386
6387
6389
6391
6393
6393
6395
6399
6404
6416
6416
6418
6420
6420
6422
6431
6431
6433
6433
6433
6438
6440
6441
6442
6443
6445
6449
6455
6461
6463
6469
6469
6475
6475
6480
6482
6485
6485
6487
6491
6497
6498
6498
6498
6499
6501
6501
6504
6504
6513
6515
6521
6523
6524
6525
6527
6534
6536
6537
6538
6540
6543
6550
6552
6552
6553
6554
6556
6556
6557
6558
6559
6561
6570
6571
6572
6573
6575
6576
6578
6580
6582
6599
6601
6601
6602
6604
6608
6609
6610
6617
6623
6624
6629
6637
6639
6640
6641
6643
6643
6646
6652
6654
6656
6656
6659
6671
6671
6675
6679
6683
6686
6691
6699
6700
6701
6706
6708
6708
6715
6720
6720
6721
6724
6728
6740
6742
6742
6744
6745
6746
6747
6758
6762
6766
6768
6771
6777
6777
6781
6784
6786
6788
6791
6795
6797
6798
6799
6799
6800
6802
6804
6807
6813
6814
6814
6814
6814
6817
6818
6821
6822
6826
6831
6833
6834
6842
6847
6852
6852
6858
6859
6863
6864
6864
6867
6868
6872
6877
6877
6879
6880
6887
6889
6891
6891
6892
6892
6893
6896
6897
6898
6902
6906
6908
6910
6910
6912
6915
6916
6917
6918
6920
6922
6923
6926
6935
6940
6942
6943
6946
6946
6948
6948
6953
6958
6960
6961
6961
6968
6968
6969
6971
6973
6974
6975
6977
6978
6980
6983
6986
6988
6994
6995
7002
7002
7004
7004
7005
7013
7023
7025
7025
7028
7034
7034
7035
7035
7036
7037
7044
7044
7054
7056
7063
7065
7066
7066
7068
7068
7068
7073
7074
7077
7078
7079
7080
7084
7090
7091
7091
7094
7099
7100
7103
7105
7106
7110
7117
7117
7117
7119
7121
7123
7131
7131
7143
7144
7147
7148
7149
7152
7152
7163
7163
7163
7169
7170
7171
7174
7174
7179
7180
7183
7184
7188
7191
7194
7199
7205
7209
7213
7215
7219
7219
7221
7222
7225
7225
7226
7228
7231
7234
7239
7241
7241
7242
7247
7251
7251
7252
7254
7256
7257
7261
7262
7264
7266
7272
7278
7279
7283
7286
7286
7290
7290
7290
7291
7291
7299
7300
7303
7305
7306
7308
7309
7317
7319
7323
7326
7326
7331
7334
7338
7340
7340
7342
7342
7344
7346
7347
7349
7350
7358
7360
7360
7368
7368
7370
7373
7380
7380
7387
7391
7396
7396
7396
7397
7398
7400
7401
7403
7404
7408
7409
7410
7413
7414
7418
7419
7421
7422
7425
7429
7429
7430
7434
7434
7436
7436
7436
7437
7439
7439
7441
7446
7448
7450
7451
7451
7451
7453
7455
7456
7457
7458
7461
7463
7464
7464
7470
7470
7473
7473
7474
7474
7476
7480
7482
7483
7483
7484
7485
7502
7502
7504
7511
7511
7517
7519
7519
7524
7526
7531
7531
7533
7536
7540
7551
7556
7563
7565
7566
7572
7573
7575
7576
7578
7579
7579
7585
7590
7593
7593
7599
7601
7603
7604
7607
7608
7612
7613
7614
7617
7618
7620
7621
7621
7626
7626
7632
7633
7633
7635
7636
7639
7645
7649
7649
7654
7656
7661
7668
7670
7673
7675
7676
7677
7682
7683
7684
7684
7692
7693
7697
7702
7720
7722
7727
7730
7731
7733
7737
7741
7744
7744
7745
7748
7749
7749
7752
7754
7755
7758
7760
7761
7763
7765
7765
7766
7767
7767
7768
7769
7770
7770
7772
7777
7781
7783
7790
7792
7792
7792
7794
7795
7797
7803
7809
7810
7821
7822
7823
7830
7831
7832
7834
7838
7844
7848
7848
7850
7851
7854
7857
7858
7858
7860
7862
7863
7865
7867
7869
7870
7874
7877
7878
7884
7891
7895
7897
7899
7902
7906
7906
7908
7912
7916
7918
7921
7928
7929
7931
7934
7937
7938
7941
7944
7947
7956
7962
7963
7964
7968
7971
7971
7976
7979
7981
7982
7985
7990
7991
7991
7992
7993
7993
7998
7999
8002
8009
8010
8011
8013
8014
8015
8017
8017
8020
8021
8021
8023
8024
8028
8031
8034
8035
8045
8048
8054
8055
8056
8056
8058
8062
8065
8067
8067
8072
8074
8085
8088
8094
8094
8097
8098
8101
8102
8106
8107
8109
8112
8113
8115
8121
8121
8121
8123
8126
8128
8129
8129
8130
8133
8138
8141
8143
8146
8150
8151
8156
8166
8168
8172
8174
8183
8186
8189
8191
8193
8199
8201
8204
8204
8207
8207
8208
8211
8213
8214
8214
8217
8227
8229
8238
8249
8253
8259
8260
8265
8265
8265
8266
8268
8270
8272
8272
8272
8273
8279
8279
8289
8290
8292
8293
8297
8305
8310
8312
8317
8319
8324
8324
8326
8331
8331
8333
8336
8342
8346
8346
8349
8350
8352
8353
8354
8354
8354
8358
8362
8363
8368
8370
8371
8373
8380
8381
8384
8384
8387
8390
8390
8391
8392
8397
8400
8401
8402
8403
8409
8414
8414
8414
8414
8417
8422
8423
8424
8430
8430
8431
8432
8432
8436
8445
8445
8448
8451
8453
8457
8463
8464
8469
8474
8478
8487
8487
8488
8492
8494
8494
8496
8497
8502
8503
8505
8511
8512
8513
8522
8525
8525
8525
8526
8527
8528
8532
8533
8534
8538
8540
8542
8544
8546
8548
8551
8551
8553
8554
8557
8557
8563
8564
8566
8567
8568
8569
8569
8573
8574
8575
8578
8580
8580
8582
8583
8583
8586
8587
8589
8589
8590
8590
8590
8591
8592
8594
8597
8599
8604
8607
8613
8613
8617
8617
8617
8618
8619
8620
8622
8624
8625
8627
8631
8632
8632
8635
8636
8641
8646
8647
8652
8655
8660
8661
8661
8663
8663
8665
8667
8672
8672
8673
8678
8678
8682
8682
8684
8686
8690
8693
8701
8701
8710
8713
8715
8715
8716
8717
8717
8719
8720
8723
8724
8726
8729
8737
8737
8738
8742
8743
8744
8744
8749
8751
8751
8756
8760
8763
8763
8764
8765
8769
8769
8769
8773
8778
8778
8780
8785
8787
8792
8794
8799
8805
8805
8816
8817
8827
8833
8836
8840
8841
8842
8847
8852
8853
8856
8859
8863
8867
8867
8868
8868
8874
8878
8878
8879
8883
8884
8885
8887
8902
8903
8904
8904
8906
8909
8914
8915
8923
8926
8927
8929
8930
8931
8933
8934
8938
8940
8941
8946
8951
8955
8958
8961
8962
8962
8962
8965
8968
8969
8972
8973
8976
8978
8983
8986
8987
8987
8987
8989
8999
9000
9004
9004
9006
9013
9015
9017
9023
9024
9027
9029
9029
9030
9033
9036
9037
9037
9037
9042
9045
9045
9047
9049
9050
9054
9054
9055
9056
9062
9066
9071
9072
9072
9080
9082
9088
9090
9090
9092
9093
9099
9106
9108
9115
9119
9119
9120
9126
9126
9127
9131
9133
9136
9138
9141
9143
9144
9144
9148
9149
9150
9154
9155
9155
9156
9160
9177
9183
9183
9186
9190
9195
9196
9198
9207
9212
9213
9221
9224
9225
9228
9230
9231
9231
9233
9237
9239
9239
9239
9244
9244
9248
9248
9249
9252
9255
9258
9259
9260
9260
9262
9266
9266
9267
9267
9269
9270
9270
9273
9275
9278
9281
9281
9283
9285
9290
9293
9293
9294
9298
9299
9299
9306
9311
9312
9312
9314
9316
9319
9319
9320
9320
9325
9328
9331
9331
9333
9337
9339
9340
9341
9342
9344
9350
9352
9353
9353
9358
9359
9364
9364
9370
9374
9375
9382
9386
9388
9389
9392
9396
9396
9396
9396
9398
9398
9403
9403
9404
9404
9404
9410
9411
9413
9421
9425
9432
9433
9434
9440
9441
9442
9443
9443
9450
9455
9455
9455
9456
9459
9462
9467
9469
9469
9469
9469
9471
9471
9474
9474
9477
9478
9478
9480
9483
9490
9491
9494
9501
9502
9503
9505
9505
9506
9508
9513
9513
9516
9521
9523
9527
9527
9535
9535
9536
9538
9542
9542
9545
9545
9547
9550
9554
9554
9555
9557
9558
9558
9562
9562
9562
9564
9568
9569
9572
9574
9578
9581
9582
9586
9590
9595
9596
9597
9597
9600
9601
9605
9606
9606
9606
9607
9607
9610
9613
9614
9620
9620
9624
9626
9628
9629
9640
9642
9644
9645
9646
9649
9650
9651
9652
9653
9654
9659
9663
9664
9673
9673
9674
9675
9679
9680
9682
9689
9689
9693
9695
9700
9703
9711
9713
9714
9717
9719
9720
9721
9721
9724
9724
9726
9726
9727
9732
9733
9733
9736
9747
9748
9750
9751
9754
9759
9765
9767
9772
9777
9777
9780
9780
9782
9783
9783
9784
9784
9786
9792
9794
9796
9800
9800
9801
9802
9804
9804
9806
9807
9818
9823
9828
9830
9830
9831
9833
9836
9838
9839
9841
9842
9846
9850
9852
9858
9860
9862
9865
9869
9877
9884
9885
9886
9888
9892
9892
9892
9895
9908
9910
9912
9914
9914
9915
9917
9917
9920
9921
9923
9925
9926
9926
9929
9939
9939
9940
9945
9949
9951
9954
9957
9960
9971
9974
9976
9976
9979
9980
9982
9985
9985
9986
9987
9988
9989
9990
9990
9992
9996
9996
9997
